%TITLE%
STC 190425/175647 2.5,-64.22

       LEVEL       HGHT       TEMP       DWPT       WDIR       WSPD
-------------------------------------------------------------------
%RAW%
      922.36,      0.00,     25.70,     19.86,      9.30,      0.01
      904.87,    167.69,     21.33,     17.34,      9.20,      0.01
      878.62,    424.51,     20.15,     16.23,      9.10,      0.01
      852.79,    682.96,     18.30,     14.85,      9.00,      0.01
      827.37,    944.28,     17.10,     13.22,      8.90,      0.01
      802.37,   1208.50,     16.09,     11.63,      8.80,      0.01
      777.79,   1474.75,     14.80,     10.11,      8.70,      0.01
      753.63,   1744.28,     13.75,      8.64,      8.60,      0.01
      729.89,   2015.35,     12.33,      7.11,      8.50,      0.01
      706.57,   2290.05,     11.20,      5.35,      8.40,      0.01
      683.67,   2565.26,      9.55,      3.39,      8.30,      0.01
      661.19,   2844.32,      8.17,      1.53,      8.20,      0.01
      639.14,   3124.56,      6.48,     -0.18,      8.10,      0.01
      617.51,   3407.81,      4.87,     -1.79,      8.00,      0.01
      596.31,   3695.28,      3.49,     -3.40,      7.90,      0.01
      575.52,   3985.58,      2.09,     -5.15,      7.80,      0.01
      555.17,   4278.50,      0.64,     -7.11,      7.70,      0.01
      535.23,   4573.51,     -0.93,     -9.33,      7.60,      0.01
      515.72,   4870.74,     -2.60,    -11.59,      7.50,      0.01
      496.63,   5170.40,     -4.34,    -13.73,      7.40,      0.01
      477.96,   5472.32,     -6.16,    -15.84,      7.30,      0.01
      459.71,   5778.24,     -7.89,    -17.94,      7.20,      0.01
      441.88,   6086.48,     -9.70,    -20.01,      7.10,      0.01
      424.47,   6397.07,    -11.60,    -22.03,      7.00,      0.01
      407.47,   6710.21,    -13.55,    -23.97,      6.90,      0.01
      390.89,   7025.91,    -15.55,    -25.83,      6.80,      0.01
      374.72,   7344.36,    -17.60,    -27.77,      6.70,      0.01
      358.97,   7665.17,    -19.71,    -29.79,      6.60,      0.01
      343.62,   7988.25,    -21.90,    -31.46,      6.50,      0.01
      328.68,   8313.73,    -24.15,    -32.78,      6.40,      0.01
      314.14,   8641.88,    -26.45,    -34.49,      6.30,      0.01
      300.00,   8972.32,    -28.81,    -36.55,      6.20,      0.01
      286.26,   9305.99,    -31.18,    -38.70,      6.10,      0.01
      272.92,   9640.41,    -33.70,    -41.25,      6.00,      0.01
      259.97,   9975.46,    -36.38,    -44.17,      5.90,      0.01
      247.41,  10309.28,    -39.29,    -47.05,      5.80,      0.01
      235.23,  10644.63,    -42.28,    -49.95,      5.70,      0.01
      223.44,  10982.08,    -45.32,    -52.96,      5.60,      0.01
      212.03,  11324.17,    -48.30,    -56.04,      5.50,      0.01
      200.99,  11670.46,    -51.23,    -59.12,      5.40,      0.01
      190.32,  12019.44,    -54.21,    -62.21,      5.30,      0.01
      180.02,  12367.90,    -57.36,    -65.28,      5.20,      0.01
      170.08,  12718.88,    -60.55,    -68.34,      5.10,      0.01
      160.50,  13074.19,    -63.72,    -71.33,      5.00,      0.01
      151.27,  13435.93,    -66.78,    -74.17,      4.90,      0.01
      142.38,  13803.37,    -69.79,    -76.81,      4.80,      0.01
      133.85,  14177.30,    -72.73,    -79.19,      4.70,      0.01
      125.65,  14564.72,    -75.37,    -81.24,      4.60,      0.01
      117.78,  14965.48,    -77.75,    -83.22,      4.50,      0.01
      110.24,  15380.63,    -79.87,    -85.34,      4.40,      0.01
      103.02,  15819.83,    -81.47,    -86.96,      4.30,      0.01
       96.11,  16294.44,    -82.26,    -87.66,      4.20,      0.01
       89.52,  16800.73,    -82.42,    -87.98,      4.10,      0.01
       83.23,  17359.28,    -81.46,    -88.30,      4.00,      0.01
       77.24,  17960.10,    -79.76,    -88.62,      3.90,      0.01
       71.54,  18598.29,    -77.54,    -88.88,      3.80,      0.01
       66.13,  19276.84,    -74.79,    -89.04,      3.70,      0.01
       60.99,  19974.46,    -72.12,    -89.17,      3.60,      0.01
       56.13,  20679.38,    -69.83,    -89.31,      3.50,      0.01
       51.53,  21403.65,    -67.63,    -89.45,      3.40,      0.01
       47.19,  22141.50,    -65.67,    -89.70,      3.30,      0.01
       43.10,  22894.77,    -63.92,    -90.08,      3.20,      0.01
       39.26,  23663.03,    -62.40,    -90.48,      3.10,      0.01
       35.65,  24454.64,    -60.95,    -90.90,      3.00,      0.01
       32.27,  25282.85,    -59.31,    -91.39,      2.90,      0.01
       29.12,  26144.19,    -57.61,    -91.95,      2.80,      0.01
       26.18,  27040.97,    -55.84,    -92.54,      2.70,      0.01
       23.45,  27974.87,    -54.02,    -93.13,      2.60,      0.01
       20.92,  28935.33,    -52.38,    -93.71,      2.50,      0.01
       18.58,  29931.13,    -50.80,    -94.28,      2.40,      0.01
       16.43,  30975.27,    -49.09,    -94.87,      2.30,      0.01
       14.46,  32054.87,    -47.54,    -95.49,      2.20,      0.01
       12.65,  33181.27,    -46.00,    -96.14,      2.10,      0.01
       11.00,  34358.46,    -44.47,    -96.82,      2.00,      0.01
        9.51,  35595.87,    -42.87,    -97.56,      1.90,      0.01
        8.17,  36909.88,    -41.04,    -98.33,      1.80,      0.01
        6.96,  38331.34,    -38.66,    -99.14,      1.70,      0.01
        5.88,  39866.96,    -35.77,    -99.98,      1.60,      0.01
        4.92,  41604.95,    -31.38,   -100.85,      1.50,      0.01
        4.08,  43518.32,    -26.10,   -101.76,      1.40,      0.01
        3.34,  45617.86,    -20.04,   -102.68,      1.30,      0.01
        2.70,  47842.39,    -14.16,   -103.57,      1.20,      0.01
        2.15,  50061.79,    -10.12,   -104.50,      1.10,      0.01
        1.69,  52361.00,     -7.01,   -105.52,      1.00,      0.01
        1.30,  54792.49,     -4.42,   -106.68,      0.90,      0.01
        0.98,  57164.06,     -4.51,   -107.99,      0.80,      0.01
        0.71,  59523.52,     -6.82,   -109.40,      0.70,      0.01
        0.51,  61805.01,    -12.04,   -111.00,      0.60,      0.01
        0.35,  63941.49,    -20.82,   -112.91,      0.50,      0.01
        0.22,  66063.67,    -32.10,   -115.03,      0.40,      0.01
        0.14,  68574.05,    -43.01,   -117.21,      0.30,      0.01
        0.08,  71435.34,    -54.88,   -119.64,      0.20,      0.01
        0.04,  75458.08,    -63.42,   -122.52,      0.10,      0.01
        0.02,  81922.36,    -63.66,   -126.08,      0.00,      0.01
%END%
