%TITLE%
STC 190425/175647 1.12,-66.54

       LEVEL       HGHT       TEMP       DWPT       WDIR       WSPD
-------------------------------------------------------------------
%RAW%
      997.54,      0.00,     33.21,     11.80,      9.60,      0.01
      986.07,    103.59,     29.30,     13.15,      9.50,      0.01
      958.59,    351.93,     21.20,     13.17,      9.40,      0.01
      931.52,    601.73,     17.87,     13.15,      9.30,      0.01
      904.87,    853.63,     15.51,     13.52,      9.20,      0.01
      878.62,   1104.98,     12.07,     12.07,      9.10,      0.01
      852.79,   1362.27,     10.95,     10.95,      9.00,      0.01
      827.37,   1620.52,      9.16,      9.16,      8.90,      0.01
      802.37,   1879.52,      6.93,      6.93,      8.80,      0.01
      777.79,   2148.87,      7.07,      7.07,      8.70,      0.01
      753.63,   2400.03,      2.04,      2.04,      8.60,      0.01
      729.89,   2666.95,      0.63,      0.63,      8.50,      0.01
      706.57,   2938.98,     -0.35,     -0.35,      8.40,      0.01
      683.67,   3221.54,     -0.06,     -0.06,      8.30,      0.01
      661.19,   3521.19,      2.32,      2.32,      8.20,      0.01
      639.14,   3824.24,      4.38,      4.38,      8.10,      0.01
      617.51,   4112.05,      3.48,      3.48,      8.00,      0.01
      596.31,   4398.04,      1.94,      1.94,      7.90,      0.01
      575.52,   4666.55,     -2.11,     -2.11,      7.80,      0.01
      555.17,   4952.48,     -4.19,     -4.46,      7.70,      0.01
      535.23,   5250.07,     -5.28,     -7.94,      7.60,      0.01
      515.72,   5555.71,     -5.93,    -11.27,      7.50,      0.01
      496.63,   5867.63,     -6.39,    -14.41,      7.40,      0.01
      477.96,   6178.95,     -7.34,    -17.60,      7.30,      0.01
      459.71,   6494.06,     -8.31,    -20.94,      7.20,      0.01
      441.88,   6811.85,     -9.41,    -24.24,      7.10,      0.01
      424.47,   7132.27,    -10.64,    -27.29,      7.00,      0.01
      407.47,   7451.67,    -12.27,    -29.88,      6.90,      0.01
      390.89,   7772.09,    -14.10,    -32.03,      6.80,      0.01
      374.72,   8095.08,    -16.00,    -34.05,      6.70,      0.01
      358.97,   8420.78,    -17.96,    -36.02,      6.60,      0.01
      343.62,   8748.62,    -20.01,    -37.73,      6.50,      0.01
      328.68,   9083.70,    -21.85,    -39.29,      6.40,      0.01
      314.14,   9418.53,    -23.93,    -41.52,      6.30,      0.01
      300.00,   9763.31,    -25.65,    -44.20,      6.20,      0.01
      286.26,  10109.55,    -27.54,    -46.68,      6.10,      0.01
      272.92,  10454.09,    -29.75,    -49.17,      6.00,      0.01
      259.97,  10796.77,    -32.26,    -51.59,      5.90,      0.01
      247.41,  11130.32,    -35.40,    -53.63,      5.80,      0.01
      235.23,  11458.60,    -38.92,    -55.34,      5.70,      0.01
      223.44,  11776.98,    -43.01,    -57.04,      5.60,      0.01
      212.03,  12085.11,    -47.63,    -58.87,      5.50,      0.01
      200.99,  12387.66,    -52.52,    -60.93,      5.40,      0.01
      190.32,  12689.21,    -57.48,    -63.36,      5.30,      0.01
      180.02,  13021.82,    -61.22,    -66.07,      5.20,      0.01
      170.08,  13360.92,    -64.80,    -68.83,      5.10,      0.01
      160.50,  13712.80,    -68.03,    -71.51,      5.00,      0.01
      151.27,  14076.99,    -70.94,    -74.23,      4.90,      0.01
      142.38,  14457.01,    -73.45,    -77.09,      4.80,      0.01
      133.85,  14853.61,    -75.58,    -80.10,      4.70,      0.01
      125.65,  15269.24,    -77.29,    -83.11,      4.60,      0.01
      117.78,  15697.71,    -78.83,    -85.49,      4.50,      0.01
      110.24,  16138.72,    -80.23,    -87.24,      4.40,      0.01
      103.02,  16589.85,    -81.59,    -88.75,      4.30,      0.01
       96.11,  17066.68,    -82.47,    -89.31,      4.20,      0.01
       89.52,  17569.02,    -82.93,    -89.47,      4.10,      0.01
       83.23,  18100.31,    -82.91,    -89.63,      4.00,      0.01
       77.24,  18681.63,    -81.93,    -89.80,      3.90,      0.01
       71.54,  19317.67,    -79.95,    -89.95,      3.80,      0.01
       66.13,  20035.14,    -76.41,    -90.08,      3.70,      0.01
       60.99,  20774.14,    -72.93,    -90.20,      3.60,      0.01
       56.13,  21518.49,    -69.93,    -90.33,      3.50,      0.01
       51.53,  22285.94,    -66.97,    -90.45,      3.40,      0.01
       47.19,  23055.83,    -64.54,    -90.68,      3.30,      0.01
       43.10,  23836.84,    -62.45,    -91.05,      3.20,      0.01
       39.26,  24623.24,    -60.81,    -91.44,      3.10,      0.01
       35.65,  25413.54,    -59.64,    -91.85,      3.00,      0.01
       32.27,  26246.41,    -58.17,    -92.31,      2.90,      0.01
       29.12,  27128.63,    -56.31,    -92.85,      2.80,      0.01
       26.18,  28044.45,    -54.45,    -93.42,      2.70,      0.01
       23.45,  28995.09,    -52.58,    -94.00,      2.60,      0.01
       20.92,  29949.72,    -51.31,    -94.55,      2.50,      0.01
       18.58,  30918.55,    -50.44,    -95.10,      2.40,      0.01
       16.43,  31942.58,    -49.31,    -95.66,      2.30,      0.01
       14.46,  33001.54,    -48.30,    -96.26,      2.20,      0.01
       12.65,  34119.17,    -47.09,    -96.89,      2.10,      0.01
       11.00,  35300.99,    -45.68,    -97.55,      2.00,      0.01
        9.51,  36678.42,    -42.21,    -98.26,      1.90,      0.01
        8.17,  38121.69,    -38.79,    -99.02,      1.80,      0.01
        6.96,  39597.30,    -35.97,    -99.81,      1.70,      0.01
        5.88,  41144.19,    -33.28,   -100.64,      1.60,      0.01
        4.92,  42855.79,    -29.58,   -101.49,      1.50,      0.01
        4.08,  44773.29,    -24.60,   -102.38,      1.40,      0.01
        3.34,  46716.14,    -20.77,   -103.27,      1.30,      0.01
        2.70,  48740.21,    -17.49,   -104.13,      1.20,      0.01
        2.15,  50910.04,    -14.16,   -105.03,      1.10,      0.01
        1.69,  53310.35,    -10.09,   -106.03,      1.00,      0.01
        1.30,  55918.07,     -5.85,   -107.16,      0.90,      0.01
        0.98,  58390.70,     -5.14,   -108.45,      0.80,      0.01
        0.71,  60842.15,     -6.80,   -109.84,      0.70,      0.01
        0.51,  63201.51,    -11.55,   -111.39,      0.60,      0.01
        0.35,  65386.22,    -20.16,   -113.26,      0.50,      0.01
        0.22,  67524.10,    -31.56,   -115.34,      0.40,      0.01
        0.14,  70034.10,    -42.76,   -117.49,      0.30,      0.01
        0.08,  72901.58,    -54.89,   -119.87,      0.20,      0.01
        0.04,  76976.32,    -63.43,   -122.71,      0.10,      0.01
        0.02,  83545.48,    -63.52,   -126.25,      0.00,      0.01
%END%
