%TITLE%
STC 190425/175647 2.72,-62.93

       LEVEL       HGHT       TEMP       DWPT       WDIR       WSPD
-------------------------------------------------------------------
%RAW%
      962.76,      0.00,     31.16,     22.22,      9.40,      0.01
      931.52,    294.18,     26.25,     20.23,      9.30,      0.01
      904.87,    551.55,     24.57,     19.19,      9.20,      0.01
      878.62,    811.32,     23.18,     18.16,      9.10,      0.01
      852.79,   1072.07,     21.07,     16.92,      9.00,      0.01
      827.37,   1335.12,     19.27,     15.36,      8.90,      0.01
      802.37,   1601.58,     18.02,     13.57,      8.80,      0.01
      777.79,   1869.95,     16.60,     11.64,      8.70,      0.01
      753.63,   2142.56,     15.67,      9.63,      8.60,      0.01
      729.89,   2413.41,     13.59,      7.56,      8.50,      0.01
      706.57,   2690.62,     12.48,      5.49,      8.40,      0.01
      683.67,   2970.02,     11.21,      3.48,      8.30,      0.01
      661.19,   3252.07,      9.88,      1.57,      8.20,      0.01
      639.14,   3536.99,      8.54,     -0.19,      8.10,      0.01
      617.51,   3823.08,      6.91,     -1.75,      8.00,      0.01
      596.31,   4112.39,      5.34,     -3.21,      7.90,      0.01
      575.52,   4407.27,      4.13,     -4.69,      7.80,      0.01
      555.17,   4703.78,      2.71,     -6.25,      7.70,      0.01
      535.23,   5000.97,      1.00,     -7.92,      7.60,      0.01
      515.72,   5299.68,     -0.86,     -9.78,      7.50,      0.01
      496.63,   5600.11,     -2.83,    -11.82,      7.40,      0.01
      477.96,   5902.48,     -4.89,    -13.97,      7.30,      0.01
      459.71,   6209.64,     -6.77,    -16.25,      7.20,      0.01
      441.88,   6519.07,     -8.72,    -18.62,      7.10,      0.01
      424.47,   6830.71,    -10.74,    -21.02,      7.00,      0.01
      407.47,   7144.56,    -12.84,    -23.48,      6.90,      0.01
      390.89,   7460.30,    -15.04,    -26.01,      6.80,      0.01
      374.72,   7778.34,    -17.29,    -28.52,      6.70,      0.01
      358.97,   8098.37,    -19.63,    -31.08,      6.60,      0.01
      343.62,   8419.64,    -22.09,    -33.66,      6.50,      0.01
      328.68,   8741.94,    -24.68,    -36.27,      6.40,      0.01
      314.14,   9065.78,    -27.36,    -38.75,      6.30,      0.01
      300.00,   9391.15,    -30.13,    -41.00,      6.20,      0.01
      286.26,   9717.81,    -32.98,    -43.30,      6.10,      0.01
      272.92,  10046.49,    -35.89,    -45.73,      6.00,      0.01
      259.97,  10379.54,    -38.72,    -48.32,      5.90,      0.01
      247.41,  10718.11,    -41.43,    -50.92,      5.80,      0.01
      235.23,  11059.25,    -44.19,    -53.56,      5.70,      0.01
      223.44,  11407.40,    -46.78,    -56.27,      5.60,      0.01
      212.03,  11760.62,    -49.32,    -59.04,      5.50,      0.01
      200.99,  12118.28,    -51.85,    -61.88,      5.40,      0.01
      190.32,  12479.59,    -54.40,    -64.79,      5.30,      0.01
      180.02,  12838.87,    -57.22,    -67.72,      5.20,      0.01
      170.08,  13201.10,    -60.08,    -70.67,      5.10,      0.01
      160.50,  13565.56,    -63.02,    -73.61,      5.00,      0.01
      151.27,  13933.67,    -65.99,    -76.39,      4.90,      0.01
      142.38,  14306.42,    -68.95,    -78.97,      4.80,      0.01
      133.85,  14685.91,    -71.84,    -81.28,      4.70,      0.01
      125.65,  15075.53,    -74.56,    -83.27,      4.60,      0.01
      117.78,  15475.08,    -77.14,    -85.16,      4.50,      0.01
      110.24,  15886.47,    -79.54,    -87.14,      4.40,      0.01
      103.02,  16322.48,    -81.39,    -88.65,      4.30,      0.01
       96.11,  16795.58,    -82.38,    -89.26,      4.20,      0.01
       89.52,  17301.54,    -82.73,    -89.50,      4.10,      0.01
       83.23,  17869.06,    -81.69,    -89.74,      4.00,      0.01
       77.24,  18485.11,    -79.78,    -89.98,      3.90,      0.01
       71.54,  19136.23,    -77.43,    -90.20,      3.80,      0.01
       66.13,  19812.85,    -74.94,    -90.35,      3.70,      0.01
       60.99,  20508.16,    -72.53,    -90.48,      3.60,      0.01
       56.13,  21217.85,    -70.32,    -90.62,      3.50,      0.01
       51.53,  21951.31,    -68.09,    -90.75,      3.40,      0.01
       47.19,  22697.27,    -66.14,    -90.99,      3.30,      0.01
       43.10,  23461.96,    -64.32,    -91.36,      3.20,      0.01
       39.26,  24245.81,    -62.65,    -91.76,      3.10,      0.01
       35.65,  25054.25,    -61.02,    -92.17,      3.00,      0.01
       32.27,  25900.24,    -59.21,    -92.64,      2.90,      0.01
       29.12,  26782.81,    -57.29,    -93.19,      2.80,      0.01
       26.18,  27699.87,    -55.34,    -93.76,      2.70,      0.01
       23.45,  28653.82,    -53.36,    -94.35,      2.60,      0.01
       20.92,  29633.35,    -51.59,    -94.92,      2.50,      0.01
       18.58,  30639.82,    -50.04,    -95.48,      2.40,      0.01
       16.43,  31675.98,    -48.69,    -96.05,      2.30,      0.01
       14.46,  32749.09,    -47.45,    -96.66,      2.20,      0.01
       12.65,  33873.97,    -46.13,    -97.30,      2.10,      0.01
       11.00,  35055.31,    -44.73,    -97.96,      2.00,      0.01
        9.51,  36293.94,    -43.30,    -98.68,      1.90,      0.01
        8.17,  37619.82,    -41.50,    -99.44,      1.80,      0.01
        6.96,  39076.01,    -38.83,   -100.23,      1.70,      0.01
        5.88,  40657.64,    -35.53,   -101.05,      1.60,      0.01
        4.92,  42422.61,    -31.03,   -101.90,      1.50,      0.01
        4.08,  44363.34,    -25.66,   -102.80,      1.40,      0.01
        3.34,  46483.09,    -19.62,   -103.69,      1.30,      0.01
        2.70,  48732.38,    -13.73,   -104.57,      1.20,      0.01
        2.15,  50964.39,     -9.80,   -105.48,      1.10,      0.01
        1.69,  53244.63,     -7.15,   -106.48,      1.00,      0.01
        1.30,  55654.95,     -5.03,   -107.61,      0.90,      0.01
        0.98,  58010.35,     -5.49,   -108.89,      0.80,      0.01
        0.71,  60371.35,     -7.98,   -110.28,      0.70,      0.01
        0.51,  62663.74,    -13.29,   -111.84,      0.60,      0.01
        0.35,  64816.31,    -22.10,   -113.72,      0.50,      0.01
        0.22,  66961.77,    -33.37,   -115.80,      0.40,      0.01
        0.14,  69503.33,    -44.24,   -117.94,      0.30,      0.01
        0.08,  72400.79,    -56.08,   -120.32,      0.20,      0.01
        0.04,  76464.52,    -64.62,   -123.16,      0.10,      0.01
        0.02,  82982.08,    -64.89,   -126.67,      0.00,      0.01
%END%
