%TITLE%
STC 190425/175647 2.14,-63.51

       LEVEL       HGHT       TEMP       DWPT       WDIR       WSPD
-------------------------------------------------------------------
%RAW%
      934.57,      0.00,     28.95,     21.06,      9.30,      0.01
      904.87,    285.95,     24.32,     17.94,      9.20,      0.01
      878.62,    545.09,     22.89,     16.66,      9.10,      0.01
      852.79,    805.64,     20.86,     15.24,      9.00,      0.01
      827.37,   1068.49,     19.16,     13.65,      8.90,      0.01
      802.37,   1334.13,     17.78,     11.96,      8.80,      0.01
      777.79,   1602.14,     16.39,     10.20,      8.70,      0.01
      753.63,   1874.11,     15.49,      8.37,      8.60,      0.01
      729.89,   2147.28,     14.09,      6.45,      8.50,      0.01
      706.57,   2424.34,     13.01,      4.58,      8.40,      0.01
      683.67,   2702.04,     11.40,      2.82,      8.30,      0.01
      661.19,   2982.23,      9.78,      1.13,      8.20,      0.01
      639.14,   3262.61,      7.72,     -0.43,      8.10,      0.01
      617.51,   3547.00,      5.94,     -1.83,      8.00,      0.01
      596.31,   3836.56,      4.55,     -3.18,      7.90,      0.01
      575.52,   4130.22,      3.32,     -4.63,      7.80,      0.01
      555.17,   4425.16,      1.83,     -6.27,      7.70,      0.01
      535.23,   4721.48,      0.14,     -8.08,      7.60,      0.01
      515.72,   5019.64,     -1.67,    -10.09,      7.50,      0.01
      496.63,   5319.86,     -3.57,    -12.19,      7.40,      0.01
      477.96,   5622.48,     -5.53,    -14.26,      7.30,      0.01
      459.71,   5929.77,     -7.31,    -16.36,      7.20,      0.01
      441.88,   6239.13,     -9.20,    -18.48,      7.10,      0.01
      424.47,   6550.68,    -11.17,    -20.55,      7.00,      0.01
      407.47,   6864.73,    -13.20,    -22.65,      6.90,      0.01
      390.89,   7181.54,    -15.27,    -24.80,      6.80,      0.01
      374.72,   7501.23,    -17.36,    -26.97,      6.70,      0.01
      358.97,   7823.26,    -19.51,    -29.24,      6.60,      0.01
      343.62,   8147.12,    -21.78,    -31.41,      6.50,      0.01
      328.68,   8473.28,    -24.10,    -33.44,      6.40,      0.01
      314.14,   8801.71,    -26.49,    -35.71,      6.30,      0.01
      300.00,   9132.57,    -28.93,    -38.20,      6.20,      0.01
      286.26,   9465.56,    -31.45,    -40.74,      6.10,      0.01
      272.92,   9799.40,    -34.10,    -43.44,      6.00,      0.01
      259.97,  10135.32,    -36.82,    -46.25,      5.90,      0.01
      247.41,  10473.28,    -39.61,    -49.06,      5.80,      0.01
      235.23,  10813.54,    -42.45,    -51.91,      5.70,      0.01
      223.44,  11157.50,    -45.27,    -54.88,      5.60,      0.01
      212.03,  11504.92,    -48.09,    -57.94,      5.50,      0.01
      200.99,  11853.61,    -51.03,    -61.01,      5.40,      0.01
      190.32,  12203.73,    -54.06,    -64.07,      5.30,      0.01
      180.02,  12551.07,    -57.35,    -67.11,      5.20,      0.01
      170.08,  12900.60,    -60.69,    -70.12,      5.10,      0.01
      160.50,  13255.98,    -63.94,    -73.02,      5.00,      0.01
      151.27,  13616.10,    -67.15,    -75.78,      4.90,      0.01
      142.38,  13981.57,    -70.31,    -78.37,      4.80,      0.01
      133.85,  14358.22,    -73.22,    -80.72,      4.70,      0.01
      125.65,  14747.72,    -75.87,    -82.79,      4.60,      0.01
      117.78,  15150.96,    -78.24,    -84.74,      4.50,      0.01
      110.24,  15569.49,    -80.34,    -86.74,      4.40,      0.01
      103.02,  16013.73,    -81.86,    -88.28,      4.30,      0.01
       96.11,  16493.89,    -82.57,    -88.89,      4.20,      0.01
       89.52,  17006.56,    -82.65,    -89.12,      4.10,      0.01
       83.23,  17574.71,    -81.52,    -89.35,      4.00,      0.01
       77.24,  18189.95,    -79.53,    -89.59,      3.90,      0.01
       71.54,  18843.11,    -77.04,    -89.79,      3.80,      0.01
       66.13,  19534.16,    -74.09,    -89.94,      3.70,      0.01
       60.99,  20245.89,    -71.20,    -90.06,      3.60,      0.01
       56.13,  20968.47,    -68.62,    -90.19,      3.50,      0.01
       51.53,  21709.39,    -66.18,    -90.32,      3.40,      0.01
       47.19,  22448.92,    -64.34,    -90.56,      3.30,      0.01
       43.10,  23201.80,    -62.75,    -90.93,      3.20,      0.01
       39.26,  23965.54,    -61.47,    -91.32,      3.10,      0.01
       35.65,  24748.92,    -60.32,    -91.73,      3.00,      0.01
       32.27,  25565.65,    -59.04,    -92.20,      2.90,      0.01
       29.12,  26414.20,    -57.71,    -92.75,      2.80,      0.01
       26.18,  27298.35,    -56.29,    -93.32,      2.70,      0.01
       23.45,  28219.62,    -54.80,    -93.91,      2.60,      0.01
       20.92,  29170.77,    -53.41,    -94.47,      2.50,      0.01
       18.58,  30158.63,    -52.05,    -95.02,      2.40,      0.01
       16.43,  31201.20,    -50.44,    -95.60,      2.30,      0.01
       14.46,  32296.15,    -48.71,    -96.20,      2.20,      0.01
       12.65,  33446.91,    -46.86,    -96.83,      2.10,      0.01
       11.00,  34658.61,    -44.88,    -97.50,      2.00,      0.01
        9.51,  35947.15,    -42.62,    -98.22,      1.90,      0.01
        8.17,  37314.50,    -40.15,    -98.98,      1.80,      0.01
        6.96,  38803.76,    -36.97,    -99.77,      1.70,      0.01
        5.88,  40412.57,    -33.27,   -100.59,      1.60,      0.01
        4.92,  42155.46,    -29.03,   -101.45,      1.50,      0.01
        4.08,  44036.72,    -24.37,   -102.34,      1.40,      0.01
        3.34,  46067.09,    -19.34,   -103.23,      1.30,      0.01
        2.70,  48212.13,    -14.56,   -104.11,      1.20,      0.01
        2.15,  50358.25,    -11.47,   -105.02,      1.10,      0.01
        1.69,  52580.40,     -9.28,   -106.01,      1.00,      0.01
        1.30,  55062.75,     -6.22,   -107.15,      0.90,      0.01
        0.98,  57463.14,     -6.08,   -108.43,      0.80,      0.01
        0.71,  59854.01,     -8.17,   -109.82,      0.70,      0.01
        0.51,  62164.10,    -13.22,   -111.39,      0.60,      0.01
        0.35,  64322.22,    -21.91,   -113.27,      0.50,      0.01
        0.22,  66458.77,    -33.18,   -115.35,      0.40,      0.01
        0.14,  68980.88,    -44.11,   -117.50,      0.30,      0.01
        0.08,  71858.19,    -56.00,   -119.88,      0.20,      0.01
        0.04,  75912.30,    -64.47,   -122.73,      0.10,      0.01
        0.02,  82426.93,    -64.59,   -126.25,      0.00,      0.01
%END%
