%TITLE%
STC 190425/175647 0.4,-70.5

       LEVEL       HGHT       TEMP       DWPT       WDIR       WSPD
-------------------------------------------------------------------
%RAW%
      986.33,      0.00,     25.89,     21.28,      9.50,      0.01
      958.59,    250.83,     23.19,     19.98,      9.40,      0.01
      931.52,    502.21,     22.82,     18.56,      9.30,      0.01
      904.87,    755.61,     21.65,     17.33,      9.20,      0.01
      878.62,   1011.73,     20.68,     16.10,      9.10,      0.01
      852.79,   1268.69,     18.90,     14.60,      9.00,      0.01
      827.37,   1528.77,     17.61,     12.92,      8.90,      0.01
      802.37,   1792.56,     16.74,     11.20,      8.80,      0.01
      777.79,   2057.35,     15.33,      9.51,      8.70,      0.01
      753.63,   2327.42,     14.64,      7.86,      8.60,      0.01
      729.89,   2596.22,     12.94,      6.22,      8.50,      0.01
      706.57,   2867.84,     11.34,      4.57,      8.40,      0.01
      683.67,   3141.37,      9.64,      2.92,      8.30,      0.01
      661.19,   3419.04,      8.23,      1.27,      8.20,      0.01
      639.14,   3694.04,      5.97,     -0.36,      8.10,      0.01
      617.51,   3974.86,      4.25,     -1.75,      8.00,      0.01
      596.31,   4258.75,      2.57,     -2.93,      7.90,      0.01
      575.52,   4549.51,      1.43,     -4.25,      7.80,      0.01
      555.17,   4842.26,      0.14,     -5.77,      7.70,      0.01
      535.23,   5136.68,     -1.31,     -7.56,      7.60,      0.01
      515.72,   5433.00,     -2.90,     -9.52,      7.50,      0.01
      496.63,   5731.88,     -4.53,    -11.53,      7.40,      0.01
      477.96,   6033.26,     -6.24,    -13.55,      7.30,      0.01
      459.71,   6339.17,     -7.81,    -15.63,      7.20,      0.01
      441.88,   6646.66,     -9.55,    -17.76,      7.10,      0.01
      424.47,   6955.97,    -11.40,    -19.88,      7.00,      0.01
      407.47,   7267.72,    -13.32,    -22.15,      6.90,      0.01
      390.89,   7581.06,    -15.36,    -24.55,      6.80,      0.01
      374.72,   7896.25,    -17.50,    -26.92,      6.70,      0.01
      358.97,   8213.59,    -19.72,    -29.26,      6.60,      0.01
      343.62,   8532.00,    -22.07,    -31.72,      6.50,      0.01
      328.68,   8852.04,    -24.52,    -34.37,      6.40,      0.01
      314.14,   9173.43,    -27.07,    -37.00,      6.30,      0.01
      300.00,   9495.60,    -29.75,    -39.60,      6.20,      0.01
      286.26,   9819.42,    -32.51,    -42.25,      6.10,      0.01
      272.92,  10144.98,    -35.34,    -44.96,      6.00,      0.01
      259.97,  10473.96,    -38.14,    -47.67,      5.90,      0.01
      247.41,  10808.19,    -40.84,    -50.39,      5.80,      0.01
      235.23,  11145.83,    -43.54,    -53.16,      5.70,      0.01
      223.44,  11489.59,    -46.12,    -56.05,      5.60,      0.01
      212.03,  11838.83,    -48.63,    -59.03,      5.50,      0.01
      200.99,  12191.03,    -51.19,    -62.05,      5.40,      0.01
      190.32,  12546.00,    -53.81,    -65.13,      5.30,      0.01
      180.02,  12897.64,    -56.73,    -68.20,      5.20,      0.01
      170.08,  13250.67,    -59.75,    -71.19,      5.10,      0.01
      160.50,  13602.44,    -62.96,    -74.01,      5.00,      0.01
      151.27,  13956.49,    -66.23,    -76.64,      4.90,      0.01
      142.38,  14314.11,    -69.51,    -79.05,      4.80,      0.01
      133.85,  14680.58,    -72.62,    -81.28,      4.70,      0.01
      125.65,  15060.55,    -75.43,    -83.33,      4.60,      0.01
      117.78,  15456.62,    -77.89,    -85.32,      4.50,      0.01
      110.24,  15866.96,    -80.10,    -87.36,      4.40,      0.01
      103.02,  16300.43,    -81.83,    -88.91,      4.30,      0.01
       96.11,  16767.04,    -82.82,    -89.49,      4.20,      0.01
       89.52,  17265.59,    -83.20,    -89.65,      4.10,      0.01
       83.23,  17821.40,    -82.32,    -89.81,      4.00,      0.01
       77.24,  18435.71,    -80.29,    -89.97,      3.90,      0.01
       71.54,  19092.53,    -77.63,    -90.12,      3.80,      0.01
       66.13,  19786.44,    -74.57,    -90.25,      3.70,      0.01
       60.99,  20500.78,    -71.56,    -90.36,      3.60,      0.01
       56.13,  21224.06,    -68.91,    -90.48,      3.50,      0.01
       51.53,  21965.07,    -66.40,    -90.61,      3.40,      0.01
       47.19,  22699.60,    -64.61,    -90.84,      3.30,      0.01
       43.10,  23445.48,    -63.10,    -91.20,      3.20,      0.01
       39.26,  24204.17,    -61.84,    -91.60,      3.10,      0.01
       35.65,  24984.59,    -60.67,    -92.00,      3.00,      0.01
       32.27,  25802.43,    -59.29,    -92.47,      2.90,      0.01
       29.12,  26661.04,    -57.68,    -93.01,      2.80,      0.01
       26.18,  27555.08,    -56.00,    -93.57,      2.70,      0.01
       23.45,  28485.80,    -54.27,    -94.14,      2.60,      0.01
       20.92,  29436.76,    -52.83,    -94.70,      2.50,      0.01
       18.58,  30418.60,    -51.51,    -95.24,      2.40,      0.01
       16.43,  31454.19,    -49.97,    -95.80,      2.30,      0.01
       14.46,  32543.73,    -48.26,    -96.39,      2.20,      0.01
       12.65,  33684.15,    -46.51,    -97.02,      2.10,      0.01
       11.00,  34879.94,    -44.71,    -97.68,      2.00,      0.01
        9.51,  36150.88,    -42.64,    -98.40,      1.90,      0.01
        8.17,  37506.28,    -40.26,    -99.16,      1.80,      0.01
        6.96,  38976.10,    -37.28,    -99.95,      1.70,      0.01
        5.88,  40561.21,    -33.82,   -100.78,      1.60,      0.01
        4.92,  42294.65,    -29.62,   -101.64,      1.50,      0.01
        4.08,  44183.24,    -24.78,   -102.53,      1.40,      0.01
        3.34,  46238.88,    -19.37,   -103.42,      1.30,      0.01
        2.70,  48406.42,    -14.26,   -104.28,      1.20,      0.01
        2.15,  50558.45,    -11.01,   -105.18,      1.10,      0.01
        1.69,  52785.92,     -8.68,   -106.18,      1.00,      0.01
        1.30,  55238.53,     -5.85,   -107.31,      0.90,      0.01
        0.98,  57618.74,     -5.80,   -108.60,      0.80,      0.01
        0.71,  59997.58,     -7.86,   -109.99,      0.70,      0.01
        0.51,  62297.42,    -12.83,   -111.55,      0.60,      0.01
        0.35,  64431.87,    -21.53,   -113.42,      0.50,      0.01
        0.22,  66516.01,    -33.01,   -115.50,      0.40,      0.01
        0.14,  68967.65,    -44.25,   -117.65,      0.30,      0.01
        0.08,  71779.14,    -56.34,   -120.04,      0.20,      0.01
        0.04,  75812.97,    -64.66,   -122.88,      0.10,      0.01
        0.02,  82351.92,    -64.36,   -126.43,      0.00,      0.01
%END%
