%TITLE%
STC 190425/175647 2.45,-67.29

       LEVEL       HGHT       TEMP       DWPT       WDIR       WSPD
-------------------------------------------------------------------
%RAW%
      992.94,      0.00,     27.15,     12.36,      9.60,      0.01
      986.07,     61.17,     19.63,     19.63,      9.50,      0.01
      958.59,    303.09,      8.48,      8.48,      9.40,      0.01
      931.52,    543.05,      2.64,      2.64,      9.30,      0.01
      904.87,    783.38,     -1.87,     -1.87,      9.20,      0.01
      878.62,   1025.88,     -5.10,     -5.10,      9.10,      0.01
      852.79,   1277.65,     -4.10,     -4.10,      9.00,      0.01
      827.37,   1527.38,     -4.56,     -4.56,      8.90,      0.01
      802.37,   1780.23,     -4.92,     -4.92,      8.80,      0.01
      777.79,   2059.42,      0.79,     -4.11,      8.70,      0.01
      753.63,   2307.02,     -3.67,     -7.61,      8.60,      0.01
      729.89,   2570.13,     -4.66,     -9.37,      8.50,      0.01
      706.57,   2839.95,     -4.94,     -9.32,      8.40,      0.01
      683.67,   3122.66,     -3.61,     -7.57,      8.30,      0.01
      661.19,   3450.03,      4.28,     -5.55,      8.20,      0.01
      639.14,   3768.37,      8.92,     -4.35,      8.10,      0.01
      617.51,   4037.31,      5.31,     -5.70,      8.00,      0.01
      596.31,   4285.24,     -1.11,     -9.39,      7.90,      0.01
      575.52,   4527.51,     -8.03,    -11.70,      7.80,      0.01
      555.17,   4799.74,    -11.24,    -11.24,      7.70,      0.01
      535.23,   5093.18,    -12.36,    -12.36,      7.60,      0.01
      515.72,   5395.42,    -12.89,    -12.89,      7.50,      0.01
      496.63,   5706.28,    -12.87,    -12.87,      7.40,      0.01
      477.96,   6016.84,    -13.30,    -13.30,      7.30,      0.01
      459.71,   6328.87,    -13.94,    -13.94,      7.20,      0.01
      441.88,   6648.11,    -14.33,    -14.33,      7.10,      0.01
      424.47,   6972.12,    -14.74,    -14.74,      7.00,      0.01
      407.47,   7287.22,    -16.19,    -16.66,      6.90,      0.01
      390.89,   7606.65,    -17.57,    -21.14,      6.80,      0.01
      374.72,   7931.14,    -18.89,    -25.97,      6.70,      0.01
      358.97,   8260.92,    -20.16,    -31.74,      6.60,      0.01
      343.62,   8595.27,    -21.42,    -38.72,      6.50,      0.01
      328.68,   8952.50,    -21.56,    -46.36,      6.40,      0.01
      314.14,   9309.59,    -22.10,    -52.83,      6.30,      0.01
      300.00,   9675.87,    -22.45,    -56.73,      6.20,      0.01
      286.26,  10039.58,    -23.28,    -60.37,      6.10,      0.01
      272.92,  10399.26,    -24.64,    -63.63,      6.00,      0.01
      259.97,  10749.95,    -26.72,    -66.13,      5.90,      0.01
      247.41,  11090.04,    -29.53,    -67.78,      5.80,      0.01
      235.23,  11424.36,    -32.77,    -68.59,      5.70,      0.01
      223.44,  11753.70,    -36.38,    -68.66,      5.60,      0.01
      212.03,  12068.82,    -40.72,    -68.25,      5.50,      0.01
      200.99,  12351.13,    -46.53,    -67.65,      5.40,      0.01
      190.32,  12621.22,    -52.80,    -67.31,      5.30,      0.01
      180.02,  12926.78,    -57.59,    -67.69,      5.20,      0.01
      170.08,  13238.68,    -62.16,    -69.07,      5.10,      0.01
      160.50,  13567.00,    -66.17,    -71.30,      5.00,      0.01
      151.27,  13904.30,    -69.93,    -74.09,      4.90,      0.01
      142.38,  14256.07,    -73.29,    -77.27,      4.80,      0.01
      133.85,  14632.17,    -75.94,    -80.68,      4.70,      0.01
      125.65,  15032.64,    -77.97,    -84.22,      4.60,      0.01
      117.78,  15463.15,    -79.24,    -86.85,      4.50,      0.01
      110.24,  15898.16,    -80.64,    -88.39,      4.40,      0.01
      103.02,  16329.90,    -82.39,    -89.89,      4.30,      0.01
       96.11,  16772.10,    -84.08,    -90.51,      4.20,      0.01
       89.52,  17244.98,    -85.15,    -90.74,      4.10,      0.01
       83.23,  17736.93,    -85.98,    -90.98,      4.00,      0.01
       77.24,  18276.28,    -85.85,    -91.23,      3.90,      0.01
       71.54,  18883.63,    -84.32,    -91.44,      3.80,      0.01
       66.13,  19642.01,    -79.44,    -91.59,      3.70,      0.01
       60.99,  20456.86,    -73.84,    -91.73,      3.60,      0.01
       56.13,  21283.91,    -68.66,    -91.86,      3.50,      0.01
       51.53,  22115.36,    -64.08,    -92.00,      3.40,      0.01
       47.19,  22915.16,    -60.89,    -92.24,      3.30,      0.01
       43.10,  23718.36,    -58.24,    -92.61,      3.20,      0.01
       39.26,  24520.41,    -56.21,    -93.01,      3.10,      0.01
       35.65,  25297.53,    -55.27,    -93.42,      3.00,      0.01
       32.27,  26100.25,    -54.35,    -93.89,      2.90,      0.01
       29.12,  26948.65,    -53.09,    -94.44,      2.80,      0.01
       26.18,  27827.55,    -51.83,    -95.01,      2.70,      0.01
       23.45,  28735.02,    -50.65,    -95.60,      2.60,      0.01
       20.92,  29605.27,    -50.75,    -96.16,      2.50,      0.01
       18.58,  30494.41,    -51.09,    -96.72,      2.40,      0.01
       16.43,  31478.34,    -50.42,    -97.29,      2.30,      0.01
       14.46,  32606.32,    -48.08,    -97.90,      2.20,      0.01
       12.65,  33781.35,    -45.80,    -98.53,      2.10,      0.01
       11.00,  35007.35,    -43.56,    -99.20,      2.00,      0.01
        9.51,  36325.54,    -40.84,    -99.91,      1.90,      0.01
        8.17,  37644.28,    -39.04,   -100.67,      1.80,      0.01
        6.96,  39047.17,    -37.02,   -101.46,      1.70,      0.01
        5.88,  40546.12,    -34.73,   -102.28,      1.60,      0.01
        4.92,  42249.73,    -30.88,   -103.13,      1.50,      0.01
        4.08,  44166.94,    -25.65,   -104.03,      1.40,      0.01
        3.34,  46118.05,    -21.47,   -104.92,      1.30,      0.01
        2.70,  48183.16,    -17.47,   -105.79,      1.20,      0.01
        2.15,  50520.52,    -12.05,   -106.70,      1.10,      0.01
        1.69,  53101.04,     -5.90,   -107.70,      1.00,      0.01
        1.30,  55529.50,     -3.43,   -108.83,      0.90,      0.01
        0.98,  57871.73,     -3.85,   -110.11,      0.80,      0.01
        0.71,  60195.15,     -6.52,   -111.50,      0.70,      0.01
        0.51,  62475.02,    -11.73,   -113.06,      0.60,      0.01
        0.35,  64601.69,    -20.54,   -114.93,      0.50,      0.01
        0.22,  66707.25,    -31.88,   -117.00,      0.40,      0.01
        0.14,  69197.81,    -42.88,   -119.14,      0.30,      0.01
        0.08,  72035.06,    -54.86,   -121.52,      0.20,      0.01
        0.04,  76034.19,    -63.51,   -124.34,      0.10,      0.01
        0.02,  82477.89,    -63.89,   -127.83,      0.00,      0.01
%END%
