%TITLE%
STC 190425/175647 2.99,-61.32

       LEVEL       HGHT       TEMP       DWPT       WDIR       WSPD
-------------------------------------------------------------------
%RAW%
      994.38,      0.00,     34.14,     19.75,      9.60,      0.01
      986.07,     75.82,     31.50,     20.18,      9.50,      0.01
      958.59,    329.61,     28.81,     20.06,      9.40,      0.01
      931.52,    585.12,     26.63,     19.88,      9.30,      0.01
      904.87,    842.08,     24.31,     19.45,      9.20,      0.01
      878.62,   1099.84,     21.62,     18.73,      9.10,      0.01
      852.79,   1360.81,     19.85,     17.78,      9.00,      0.01
      827.37,   1624.54,     18.35,     16.70,      8.90,      0.01
      802.37,   1892.52,     17.49,     15.41,      8.80,      0.01
      777.79,   2161.69,     16.19,     13.87,      8.70,      0.01
      753.63,   2434.96,     15.27,     12.17,      8.60,      0.01
      729.89,   2706.63,     13.36,     10.36,      8.50,      0.01
      706.57,   2983.23,     12.03,      8.35,      8.40,      0.01
      683.67,   3261.58,     10.52,      6.26,      8.30,      0.01
      661.19,   3541.91,      8.88,      4.31,      8.20,      0.01
      639.14,   3821.75,      6.76,      2.53,      8.10,      0.01
      617.51,   4106.16,      4.95,      1.02,      8.00,      0.01
      596.31,   4395.89,      3.49,     -0.32,      7.90,      0.01
      575.52,   4689.77,      2.19,     -1.76,      7.80,      0.01
      555.17,   4985.97,      0.79,     -3.50,      7.70,      0.01
      535.23,   5282.38,     -0.91,     -5.63,      7.60,      0.01
      515.72,   5579.89,     -2.80,     -8.04,      7.50,      0.01
      496.63,   5880.10,     -4.70,    -10.55,      7.40,      0.01
      477.96,   6183.52,     -6.58,    -13.16,      7.30,      0.01
      459.71,   6492.60,     -8.23,    -15.89,      7.20,      0.01
      441.88,   6805.30,     -9.86,    -18.63,      7.10,      0.01
      424.47,   7121.00,    -11.54,    -21.26,      7.00,      0.01
      407.47,   7439.23,    -13.30,    -23.94,      6.90,      0.01
      390.89,   7758.88,    -15.22,    -26.71,      6.80,      0.01
      374.72,   8080.44,    -17.25,    -29.41,      6.70,      0.01
      358.97,   8404.46,    -19.35,    -32.01,      6.60,      0.01
      343.62,   8730.34,    -21.55,    -34.53,      6.50,      0.01
      328.68,   9057.53,    -23.89,    -37.03,      6.40,      0.01
      314.14,   9385.85,    -26.35,    -39.22,      6.30,      0.01
      300.00,   9716.39,    -28.89,    -41.05,      6.20,      0.01
      286.26,  10047.94,    -31.54,    -42.89,      6.10,      0.01
      272.92,  10379.11,    -34.39,    -44.83,      6.00,      0.01
      259.97,  10708.54,    -37.48,    -46.88,      5.90,      0.01
      247.41,  11038.41,    -40.69,    -48.98,      5.80,      0.01
      235.23,  11370.18,    -43.94,    -51.23,      5.70,      0.01
      223.44,  11708.95,    -47.00,    -53.73,      5.60,      0.01
      212.03,  12057.73,    -49.76,    -56.46,      5.50,      0.01
      200.99,  12418.06,    -52.18,    -59.41,      5.40,      0.01
      190.32,  12784.30,    -54.55,    -62.60,      5.30,      0.01
      180.02,  13153.42,    -57.00,    -65.93,      5.20,      0.01
      170.08,  13525.47,    -59.52,    -69.35,      5.10,      0.01
      160.50,  13897.04,    -62.24,    -72.82,      5.00,      0.01
      151.27,  14269.85,    -65.09,    -76.24,      4.90,      0.01
      142.38,  14645.79,    -67.99,    -79.43,      4.80,      0.01
      133.85,  15016.56,    -71.24,    -82.22,      4.70,      0.01
      125.65,  15393.54,    -74.42,    -84.41,      4.60,      0.01
      117.78,  15780.97,    -77.43,    -86.25,      4.50,      0.01
      110.24,  16180.65,    -80.22,    -88.14,      4.40,      0.01
      103.02,  16612.73,    -82.22,    -89.58,      4.30,      0.01
       96.11,  17096.82,    -82.92,    -90.15,      4.20,      0.01
       89.52,  17614.94,    -82.98,    -90.35,      4.10,      0.01
       83.23,  18186.86,    -81.90,    -90.55,      4.00,      0.01
       77.24,  18822.50,    -79.55,    -90.75,      3.90,      0.01
       71.54,  19498.35,    -76.66,    -90.94,      3.80,      0.01
       66.13,  20184.34,    -74.07,    -91.10,      3.70,      0.01
       60.99,  20878.35,    -71.82,    -91.23,      3.60,      0.01
       56.13,  21587.19,    -69.74,    -91.36,      3.50,      0.01
       51.53,  22326.42,    -67.49,    -91.50,      3.40,      0.01
       47.19,  23081.89,    -65.43,    -91.74,      3.30,      0.01
       43.10,  23853.76,    -63.57,    -92.10,      3.20,      0.01
       39.26,  24632.80,    -62.11,    -92.49,      3.10,      0.01
       35.65,  25432.76,    -60.76,    -92.90,      3.00,      0.01
       32.27,  26268.36,    -59.25,    -93.36,      2.90,      0.01
       29.12,  27153.42,    -57.37,    -93.91,      2.80,      0.01
       26.18,  28075.20,    -55.42,    -94.48,      2.70,      0.01
       23.45,  29034.29,    -53.43,    -95.06,      2.60,      0.01
       20.92,  30004.60,    -51.91,    -95.63,      2.50,      0.01
       18.58,  31008.95,    -50.48,    -96.18,      2.40,      0.01
       16.43,  32046.02,    -49.18,    -96.76,      2.30,      0.01
       14.46,  33122.33,    -47.96,    -97.36,      2.20,      0.01
       12.65,  34255.72,    -46.58,    -97.99,      2.10,      0.01
       11.00,  35451.56,    -45.03,    -98.65,      2.00,      0.01
        9.51,  36712.66,    -43.35,    -99.36,      1.90,      0.01
        8.17,  38043.85,    -41.55,   -100.11,      1.80,      0.01
        6.96,  39493.16,    -39.07,   -100.89,      1.70,      0.01
        5.88,  41059.56,    -36.08,   -101.70,      1.60,      0.01
        4.92,  42807.38,    -31.89,   -102.55,      1.50,      0.01
        4.08,  44735.83,    -26.76,   -103.44,      1.40,      0.01
        3.34,  46890.35,    -20.38,   -104.32,      1.30,      0.01
        2.70,  49188.28,    -14.02,   -105.19,      1.20,      0.01
        2.15,  51465.00,     -9.70,   -106.10,      1.10,      0.01
        1.69,  53788.89,     -6.69,   -107.09,      1.00,      0.01
        1.30,  56190.06,     -4.79,   -108.21,      0.90,      0.01
        0.98,  58539.09,     -5.42,   -109.48,      0.80,      0.01
        0.71,  60896.76,     -8.05,   -110.85,      0.70,      0.01
        0.51,  63190.98,    -13.42,   -112.40,      0.60,      0.01
        0.35,  65349.21,    -22.26,   -114.27,      0.50,      0.01
        0.22,  67506.37,    -33.51,   -116.34,      0.40,      0.01
        0.14,  70065.45,    -44.34,   -118.46,      0.30,      0.01
        0.08,  72982.17,    -56.14,   -120.82,      0.20,      0.01
        0.04,  77063.90,    -64.69,   -123.63,      0.10,      0.01
        0.02,  83602.94,    -65.02,   -127.12,      0.00,      0.01
%END%
