%TITLE%
STC 190425/175647 2.69,-65.92

       LEVEL       HGHT       TEMP       DWPT       WDIR       WSPD
-------------------------------------------------------------------
%RAW%
      999.24,      0.00,     26.76,     24.32,      9.60,      0.01
      986.07,    117.42,     24.89,     23.11,      9.50,      0.01
      958.59,    366.87,     24.17,     22.20,      9.40,      0.01
      931.52,    622.18,     26.49,     21.28,      9.30,      0.01
      904.87,    878.33,     25.73,     20.25,      9.20,      0.01
      878.62,   1138.59,     25.70,     18.99,      9.10,      0.01
      852.79,   1396.33,     23.18,     17.29,      9.00,      0.01
      827.37,   1659.53,     22.22,     15.23,      8.90,      0.01
      802.37,   1927.84,     21.99,     13.20,      8.80,      0.01
      777.79,   2192.36,     19.81,     11.08,      8.70,      0.01
      753.63,   2466.16,     19.45,      8.82,      8.60,      0.01
      729.89,   2734.13,     17.09,      6.36,      8.50,      0.01
      706.57,   3002.56,     14.49,      3.92,      8.40,      0.01
      683.67,   3274.06,     12.14,      1.68,      8.30,      0.01
      661.19,   3546.63,      9.66,     -0.48,      8.20,      0.01
      639.14,   3811.36,      5.70,     -2.46,      8.10,      0.01
      617.51,   4098.53,      4.85,     -3.88,      8.00,      0.01
      596.31,   4403.89,      5.90,     -4.77,      7.90,      0.01
      575.52,   4715.27,      7.01,     -5.61,      7.80,      0.01
      555.17,   5018.57,      6.51,     -6.53,      7.70,      0.01
      535.23,   5317.19,      5.05,     -7.58,      7.60,      0.01
      515.72,   5615.28,      3.22,     -8.81,      7.50,      0.01
      496.63,   5913.90,      1.15,    -10.19,      7.40,      0.01
      477.96,   6213.48,     -1.08,    -11.54,      7.30,      0.01
      459.71,   6519.78,     -2.95,    -12.93,      7.20,      0.01
      441.88,   6826.86,     -5.01,    -14.36,      7.10,      0.01
      424.47,   7135.81,     -7.15,    -15.88,      7.00,      0.01
      407.47,   7446.47,     -9.39,    -17.71,      6.90,      0.01
      390.89,   7757.77,    -11.78,    -19.82,      6.80,      0.01
      374.72,   8069.92,    -14.31,    -22.07,      6.70,      0.01
      358.97,   8382.26,    -17.01,    -24.54,      6.60,      0.01
      343.62,   8691.98,    -20.06,    -26.84,      6.50,      0.01
      328.68,   8999.04,    -23.41,    -28.90,      6.40,      0.01
      314.14,   9304.35,    -26.97,    -31.36,      6.30,      0.01
      300.00,   9606.33,    -30.82,    -34.19,      6.20,      0.01
      286.26,   9909.28,    -34.70,    -37.11,      6.10,      0.01
      272.92,  10208.44,    -38.85,    -40.29,      6.00,      0.01
      259.97,  10510.61,    -42.90,    -43.71,      5.90,      0.01
      247.41,  10822.34,    -46.56,    -47.12,      5.80,      0.01
      235.23,  11140.55,    -50.00,    -50.58,      5.70,      0.01
      223.44,  11475.63,    -52.78,    -54.06,      5.60,      0.01
      212.03,  11830.40,    -54.84,    -57.51,      5.50,      0.01
      200.99,  12200.00,    -56.48,    -60.95,      5.40,      0.01
      190.32,  12580.55,    -57.89,    -64.41,      5.30,      0.01
      180.02,  12958.50,    -59.65,    -67.84,      5.20,      0.01
      170.08,  13338.37,    -61.56,    -71.16,      5.10,      0.01
      160.50,  13716.11,    -63.77,    -74.25,      5.00,      0.01
      151.27,  14094.71,    -66.15,    -77.17,      4.90,      0.01
      142.38,  14477.80,    -68.56,    -79.90,      4.80,      0.01
      133.85,  14865.36,    -71.00,    -82.32,      4.70,      0.01
      125.65,  15264.38,    -73.26,    -84.26,      4.60,      0.01
      117.78,  15673.87,    -75.39,    -86.07,      4.50,      0.01
      110.24,  16093.50,    -77.42,    -88.08,      4.40,      0.01
      103.02,  16530.36,    -79.15,    -89.58,      4.30,      0.01
       96.11,  16997.91,    -80.24,    -90.20,      4.20,      0.01
       89.52,  17488.39,    -80.96,    -90.44,      4.10,      0.01
       83.23,  18033.03,    -80.50,    -90.69,      4.00,      0.01
       77.24,  18622.41,    -79.24,    -90.94,      3.90,      0.01
       71.54,  19250.05,    -77.42,    -91.15,      3.80,      0.01
       66.13,  19919.66,    -75.03,    -91.30,      3.70,      0.01
       60.99,  20607.22,    -72.72,    -91.43,      3.60,      0.01
       56.13,  21318.77,    -70.37,    -91.56,      3.50,      0.01
       51.53,  22059.95,    -67.87,    -91.69,      3.40,      0.01
       47.19,  22821.14,    -65.48,    -91.93,      3.30,      0.01
       43.10,  23600.41,    -63.27,    -92.29,      3.20,      0.01
       39.26,  24369.76,    -61.83,    -92.68,      3.10,      0.01
       35.65,  25144.00,    -60.83,    -93.08,      3.00,      0.01
       32.27,  25957.67,    -59.57,    -93.54,      2.90,      0.01
       29.12,  26822.96,    -57.87,    -94.08,      2.80,      0.01
       26.18,  27727.79,    -56.03,    -94.65,      2.70,      0.01
       23.45,  28671.86,    -54.11,    -95.23,      2.60,      0.01
       20.92,  29626.15,    -52.66,    -95.79,      2.50,      0.01
       18.58,  30616.79,    -51.24,    -96.34,      2.40,      0.01
       16.43,  31630.41,    -50.11,    -96.90,      2.30,      0.01
       14.46,  32684.54,    -49.02,    -97.50,      2.20,      0.01
       12.65,  33808.78,    -47.55,    -98.13,      2.10,      0.01
       11.00,  35010.16,    -45.68,    -98.79,      2.00,      0.01
        9.51,  36292.91,    -43.46,    -99.49,      1.90,      0.01
        8.17,  37676.22,    -40.71,   -100.24,      1.80,      0.01
        6.96,  39171.66,    -37.41,   -101.02,      1.70,      0.01
        5.88,  40780.36,    -33.69,   -101.82,      1.60,      0.01
        4.92,  42524.68,    -29.41,   -102.67,      1.50,      0.01
        4.08,  44406.46,    -24.73,   -103.55,      1.40,      0.01
        3.34,  46467.26,    -19.32,   -104.43,      1.30,      0.01
        2.70,  48686.93,    -13.66,   -105.29,      1.20,      0.01
        2.15,  50937.40,     -9.41,   -106.19,      1.10,      0.01
        1.69,  53210.45,     -6.71,   -107.18,      1.00,      0.01
        1.30,  55547.32,     -5.21,   -108.29,      0.90,      0.01
        0.98,  57847.86,     -6.03,   -109.56,      0.80,      0.01
        0.71,  60171.32,     -8.66,   -110.93,      0.70,      0.01
        0.51,  62424.74,    -14.07,   -112.47,      0.60,      0.01
        0.35,  64540.28,    -22.92,   -114.33,      0.50,      0.01
        0.22,  66648.16,    -34.19,   -116.38,      0.40,      0.01
        0.14,  69151.06,    -45.04,   -118.50,      0.30,      0.01
        0.08,  72006.43,    -56.83,   -120.85,      0.20,      0.01
        0.04,  76025.55,    -65.31,   -123.66,      0.10,      0.01
        0.02,  82495.86,    -65.49,   -127.13,      0.00,      0.01
%END%
