%TITLE%
STC 190425/175647 1.43,-67.52

       LEVEL       HGHT       TEMP       DWPT       WDIR       WSPD
-------------------------------------------------------------------
%RAW%
      991.30,      0.00,     25.78,     -9.70,      9.60,      0.01
      986.07,     46.45,     26.58,      7.21,      9.50,      0.01
      958.59,    289.91,     17.22,      6.18,      9.40,      0.01
      931.52,    532.79,     12.30,      3.74,      9.30,      0.01
      904.87,    775.90,      8.22,      1.40,      9.20,      0.01
      878.62,   1021.38,      5.56,     -0.62,      9.10,      0.01
      852.79,   1274.92,      6.16,     -5.01,      9.00,      0.01
      827.37,   1527.26,      4.89,    -12.79,      8.90,      0.01
      802.37,   1784.76,      4.46,    -20.20,      8.80,      0.01
      777.79,   2063.72,      9.11,    -24.14,      8.70,      0.01
      753.63,   2310.46,      3.69,    -25.06,      8.60,      0.01
      729.89,   2573.32,      2.12,    -23.99,      8.50,      0.01
      706.57,   2837.09,      0.26,    -23.39,      8.40,      0.01
      683.67,   3120.39,      1.59,    -23.36,      8.30,      0.01
      661.19,   3438.06,      7.80,    -22.66,      8.20,      0.01
      639.14,   3746.97,     11.05,    -22.20,      8.10,      0.01
      617.51,   4018.18,      7.79,    -24.00,      8.00,      0.01
      596.31,   4285.59,      3.91,    -28.14,      7.90,      0.01
      575.52,   4534.09,     -2.43,    -31.74,      7.80,      0.01
      555.17,   4803.76,     -6.03,    -33.04,      7.70,      0.01
      535.23,   5090.48,     -7.84,    -33.19,      7.60,      0.01
      515.72,   5385.28,     -9.09,    -32.91,      7.50,      0.01
      496.63,   5686.93,    -10.01,    -32.68,      7.40,      0.01
      477.96,   5985.11,    -11.60,    -33.47,      7.30,      0.01
      459.71,   6281.89,    -13.60,    -35.53,      7.20,      0.01
      441.88,   6584.15,    -15.38,    -38.30,      7.10,      0.01
      424.47,   6889.91,    -17.13,    -40.85,      7.00,      0.01
      407.47,   7207.81,    -18.20,    -42.51,      6.90,      0.01
      390.89,   7530.63,    -19.23,    -43.52,      6.80,      0.01
      374.72,   7858.94,    -20.18,    -44.64,      6.70,      0.01
      358.97,   8192.86,    -21.06,    -46.28,      6.60,      0.01
      343.62,   8532.42,    -21.88,    -48.89,      6.50,      0.01
      328.68,   8893.24,    -21.71,    -52.26,      6.40,      0.01
      314.14,   9254.33,    -21.90,    -55.79,      6.30,      0.01
      300.00,   9627.08,    -21.79,    -59.09,      6.20,      0.01
      286.26,   9997.63,    -22.17,    -62.07,      6.10,      0.01
      272.92,  10366.14,    -23.00,    -64.86,      6.00,      0.01
      259.97,  10710.74,    -25.35,    -67.12,      5.90,      0.01
      247.41,  11044.90,    -28.41,    -68.34,      5.80,      0.01
      235.23,  11373.34,    -31.89,    -68.40,      5.70,      0.01
      223.44,  11695.75,    -35.75,    -67.57,      5.60,      0.01
      212.03,  12001.56,    -40.44,    -66.31,      5.50,      0.01
      200.99,  12280.98,    -46.30,    -65.04,      5.40,      0.01
      190.32,  12548.75,    -52.60,    -64.30,      5.30,      0.01
      180.02,  12853.31,    -57.35,    -64.65,      5.20,      0.01
      170.08,  13164.02,    -61.89,    -66.30,      5.10,      0.01
      160.50,  13487.86,    -65.99,    -68.88,      5.00,      0.01
      151.27,  13835.27,    -69.31,    -71.87,      4.90,      0.01
      142.38,  14196.85,    -72.26,    -75.17,      4.80,      0.01
      133.85,  14568.52,    -75.02,    -78.74,      4.70,      0.01
      125.65,  14953.12,    -77.52,    -82.49,      4.60,      0.01
      117.78,  15367.17,    -79.25,    -85.28,      4.50,      0.01
      110.24,  15784.74,    -81.11,    -86.93,      4.40,      0.01
      103.02,  16197.20,    -83.36,    -88.55,      4.30,      0.01
       96.11,  16627.99,    -85.27,    -89.22,      4.20,      0.01
       89.52,  17088.68,    -86.57,    -89.49,      4.10,      0.01
       83.23,  17581.11,    -87.27,    -89.77,      4.00,      0.01
       77.24,  18133.06,    -86.69,    -90.05,      3.90,      0.01
       71.54,  18756.06,    -84.65,    -90.28,      3.80,      0.01
       66.13,  19502.89,    -79.97,    -90.43,      3.70,      0.01
       60.99,  20298.55,    -74.74,    -90.57,      3.60,      0.01
       56.13,  21110.06,    -69.82,    -90.71,      3.50,      0.01
       51.53,  21929.61,    -65.41,    -90.86,      3.40,      0.01
       47.19,  22723.36,    -62.23,    -91.11,      3.30,      0.01
       43.10,  23522.14,    -59.56,    -91.49,      3.20,      0.01
       39.26,  24322.21,    -57.46,    -91.90,      3.10,      0.01
       35.65,  25110.75,    -56.17,    -92.32,      3.00,      0.01
       32.27,  25926.23,    -54.89,    -92.81,      2.90,      0.01
       29.12,  26770.46,    -53.61,    -93.36,      2.80,      0.01
       26.18,  27643.05,    -52.38,    -93.95,      2.70,      0.01
       23.45,  28543.15,    -51.24,    -94.55,      2.60,      0.01
       20.92,  29426.15,    -51.02,    -95.12,      2.50,      0.01
       18.58,  30318.31,    -51.21,    -95.69,      2.40,      0.01
       16.43,  31296.48,    -50.56,    -96.28,      2.30,      0.01
       14.46,  32380.64,    -48.84,    -96.89,      2.20,      0.01
       12.65,  33504.22,    -47.25,    -97.55,      2.10,      0.01
       11.00,  34670.25,    -45.80,    -98.23,      2.00,      0.01
        9.51,  35991.35,    -42.88,    -98.97,      1.90,      0.01
        8.17,  37346.22,    -40.42,    -99.75,      1.80,      0.01
        6.96,  38756.31,    -38.17,   -100.56,      1.70,      0.01
        5.88,  40258.91,    -35.70,   -101.41,      1.60,      0.01
        4.92,  42007.59,    -31.15,   -102.29,      1.50,      0.01
        4.08,  43994.83,    -24.94,   -103.21,      1.40,      0.01
        3.34,  45969.46,    -20.41,   -104.12,      1.30,      0.01
        2.70,  48002.47,    -16.73,   -105.02,      1.20,      0.01
        2.15,  50147.13,    -13.38,   -105.95,      1.10,      0.01
        1.69,  52491.95,     -9.60,   -106.98,      1.00,      0.01
        1.30,  55001.49,     -6.04,   -108.15,      0.90,      0.01
        0.98,  57417.09,     -5.52,   -109.46,      0.80,      0.01
        0.71,  59792.93,     -7.51,   -110.89,      0.70,      0.01
        0.51,  62089.75,    -12.40,   -112.49,      0.60,      0.01
        0.35,  64216.42,    -21.05,   -114.40,      0.50,      0.01
        0.22,  66299.61,    -32.41,   -116.52,      0.40,      0.01
        0.14,  68753.11,    -43.52,   -118.71,      0.30,      0.01
        0.08,  71554.30,    -55.56,   -121.15,      0.20,      0.01
        0.04,  75541.42,    -64.06,   -124.05,      0.10,      0.01
        0.02,  81995.08,    -64.12,   -127.60,      0.00,      0.01
%END%
