%TITLE%
STC 190425/175647 0.39,-76.16

       LEVEL       HGHT       TEMP       DWPT       WDIR       WSPD
-------------------------------------------------------------------
%RAW%
      973.55,      0.00,     26.82,     20.20,      9.50,      0.01
      958.59,    136.32,     23.45,     19.81,      9.40,      0.01
      931.52,    387.26,     21.57,     18.59,      9.30,      0.01
      904.87,    639.82,     19.61,     17.13,      9.20,      0.01
      878.62,    894.95,     18.26,     15.55,      9.10,      0.01
      852.79,   1154.66,     18.11,     13.89,      9.00,      0.01
      827.37,   1415.41,     16.98,     12.24,      8.90,      0.01
      802.37,   1680.63,     16.50,     10.74,      8.80,      0.01
      777.79,   1947.77,     15.61,      9.34,      8.70,      0.01
      753.63,   2217.32,     14.57,      8.06,      8.60,      0.01
      729.89,   2489.96,     13.57,      6.88,      8.50,      0.01
      706.57,   2764.63,     12.38,      5.45,      8.40,      0.01
      683.67,   3040.77,     10.95,      3.73,      8.30,      0.01
      661.19,   3316.35,      8.95,      2.09,      8.20,      0.01
      639.14,   3592.44,      6.66,      0.52,      8.10,      0.01
      617.51,   3870.70,      4.39,     -0.94,      8.00,      0.01
      596.31,   4155.54,      2.75,     -2.34,      7.90,      0.01
      575.52,   4447.69,      1.71,     -3.90,      7.80,      0.01
      555.17,   4740.41,      0.33,     -5.62,      7.70,      0.01
      535.23,   5032.84,     -1.44,     -7.46,      7.60,      0.01
      515.72,   5328.74,     -3.15,     -9.15,      7.50,      0.01
      496.63,   5627.23,     -4.92,    -10.63,      7.40,      0.01
      477.96,   5926.78,     -6.86,    -12.23,      7.30,      0.01
      459.71,   6230.26,     -8.71,    -14.01,      7.20,      0.01
      441.88,   6536.31,    -10.59,    -15.93,      7.10,      0.01
      424.47,   6845.08,    -12.51,    -17.94,      7.00,      0.01
      407.47,   7156.99,    -14.43,    -20.06,      6.90,      0.01
      390.89,   7471.18,    -16.42,    -22.22,      6.80,      0.01
      374.72,   7787.84,    -18.47,    -24.49,      6.70,      0.01
      358.97,   8107.39,    -20.55,    -26.93,      6.60,      0.01
      343.62,   8430.06,    -22.64,    -29.92,      6.50,      0.01
      328.68,   8755.12,    -24.80,    -33.57,      6.40,      0.01
      314.14,   9082.53,    -27.03,    -37.35,      6.30,      0.01
      300.00,   9412.28,    -29.33,    -41.28,      6.20,      0.01
      286.26,   9744.60,    -31.68,    -45.47,      6.10,      0.01
      272.92,  10079.31,    -34.11,    -49.22,      6.00,      0.01
      259.97,  10416.00,    -36.62,    -52.04,      5.90,      0.01
      247.41,  10757.18,    -39.08,    -54.79,      5.80,      0.01
      235.23,  11100.64,    -41.62,    -57.55,      5.70,      0.01
      223.44,  11445.48,    -44.27,    -60.38,      5.60,      0.01
      212.03,  11788.49,    -47.17,    -63.25,      5.50,      0.01
      200.99,  12131.76,    -50.21,    -66.13,      5.40,      0.01
      190.32,  12475.37,    -53.38,    -69.00,      5.30,      0.01
      180.02,  12817.92,    -56.74,    -71.80,      5.20,      0.01
      170.08,  13161.91,    -60.16,    -74.42,      5.10,      0.01
      160.50,  13507.52,    -63.64,    -76.83,      5.00,      0.01
      151.27,  13864.50,    -66.83,    -79.13,      4.90,      0.01
      142.38,  14227.97,    -69.93,    -81.36,      4.80,      0.01
      133.85,  14601.83,    -72.81,    -83.56,      4.70,      0.01
      125.65,  14988.45,    -75.44,    -85.64,      4.60,      0.01
      117.78,  15387.43,    -77.85,    -87.52,      4.50,      0.01
      110.24,  15801.82,    -79.97,    -89.28,      4.40,      0.01
      103.02,  16243.09,    -81.50,    -90.63,      4.30,      0.01
       96.11,  16715.94,    -82.35,    -91.02,      4.20,      0.01
       89.52,  17219.67,    -82.61,    -91.01,      4.10,      0.01
       83.23,  17782.30,    -81.58,    -91.01,      4.00,      0.01
       77.24,  18402.42,    -79.43,    -91.02,      3.90,      0.01
       71.54,  19055.23,    -76.91,    -91.09,      3.80,      0.01
       66.13,  19741.88,    -74.06,    -91.20,      3.70,      0.01
       60.99,  20449.79,    -71.24,    -91.31,      3.60,      0.01
       56.13,  21168.10,    -68.72,    -91.42,      3.50,      0.01
       51.53,  21904.08,    -66.35,    -91.53,      3.40,      0.01
       47.19,  22645.53,    -64.42,    -91.75,      3.30,      0.01
       43.10,  23408.57,    -62.55,    -92.10,      3.20,      0.01
       39.26,  24181.02,    -61.04,    -92.49,      3.10,      0.01
       35.65,  24962.43,    -59.89,    -92.88,      3.00,      0.01
       32.27,  25779.81,    -58.55,    -93.33,      2.90,      0.01
       29.12,  26642.67,    -56.90,    -93.85,      2.80,      0.01
       26.18,  27536.11,    -55.28,    -94.40,      2.70,      0.01
       23.45,  28462.84,    -53.66,    -94.96,      2.60,      0.01
       20.92,  29416.28,    -52.21,    -95.50,      2.50,      0.01
       18.58,  30402.05,    -50.86,    -96.02,      2.40,      0.01
       16.43,  31431.62,    -49.45,    -96.57,      2.30,      0.01
       14.46,  32507.61,    -48.00,    -97.14,      2.20,      0.01
       12.65,  33638.08,    -46.44,    -97.76,      2.10,      0.01
       11.00,  34828.07,    -44.75,    -98.40,      2.00,      0.01
        9.51,  36106.68,    -42.58,    -99.09,      1.90,      0.01
        8.17,  37477.08,    -40.01,    -99.84,      1.80,      0.01
        6.96,  38947.33,    -37.04,   -100.61,      1.70,      0.01
        5.88,  40526.16,    -33.70,   -101.42,      1.60,      0.01
        4.92,  42261.96,    -29.48,   -102.26,      1.50,      0.01
        4.08,  44154.06,    -24.62,   -103.13,      1.40,      0.01
        3.34,  46213.31,    -19.19,   -103.99,      1.30,      0.01
        2.70,  48415.20,    -13.70,   -104.83,      1.20,      0.01
        2.15,  50638.49,     -9.71,   -105.71,      1.10,      0.01
        1.69,  52916.16,     -6.91,   -106.68,      1.00,      0.01
        1.30,  55305.63,     -4.83,   -107.79,      0.90,      0.01
        0.98,  57636.96,     -5.33,   -109.05,      0.80,      0.01
        0.71,  59983.46,     -7.76,   -110.42,      0.70,      0.01
        0.51,  62272.04,    -12.88,   -111.94,      0.60,      0.01
        0.35,  64402.69,    -21.66,   -113.78,      0.50,      0.01
        0.22,  66487.89,    -33.18,   -115.82,      0.40,      0.01
        0.14,  68943.31,    -44.45,   -117.93,      0.30,      0.01
        0.08,  71760.65,    -56.55,   -120.28,      0.20,      0.01
        0.04,  75801.25,    -64.88,   -123.08,      0.10,      0.01
        0.02,  82347.01,    -64.58,   -126.59,      0.00,      0.01
%END%
