%TITLE%
STC 190425/175647 -0.38,-74.96

       LEVEL       HGHT       TEMP       DWPT       WDIR       WSPD
-------------------------------------------------------------------
%RAW%
      990.33,      0.00,     23.04,     13.56,      9.50,      0.01
      958.59,    283.91,     22.86,     14.43,      9.40,      0.01
      931.52,    531.69,     20.87,     13.21,      9.30,      0.01
      904.87,    781.23,     19.01,     11.59,      9.20,      0.01
      878.62,   1034.23,     18.13,      9.88,      9.10,      0.01
      852.79,   1290.73,     17.59,      8.55,      9.00,      0.01
      827.37,   1550.42,     17.04,      7.85,      8.90,      0.01
      802.37,   1813.40,     16.51,      7.54,      8.80,      0.01
      777.79,   2077.46,     15.34,      7.38,      8.70,      0.01
      753.63,   2346.35,     14.69,      7.29,      8.60,      0.01
      729.89,   2614.46,     13.12,      7.21,      8.50,      0.01
      706.57,   2888.88,     12.38,      6.46,      8.40,      0.01
      683.67,   3162.51,     10.95,      5.13,      8.30,      0.01
      661.19,   3438.96,      9.54,      3.84,      8.20,      0.01
      639.14,   3715.16,      7.65,      2.57,      8.10,      0.01
      617.51,   3994.66,      5.92,      1.19,      8.00,      0.01
      596.31,   4278.52,      4.45,     -0.49,      7.90,      0.01
      575.52,   4569.18,      3.49,     -2.46,      7.80,      0.01
      555.17,   4858.20,      1.94,     -4.77,      7.70,      0.01
      535.23,   5146.67,      0.01,     -7.41,      7.60,      0.01
      515.72,   5437.31,     -1.99,     -9.62,      7.50,      0.01
      496.63,   5730.67,     -4.01,    -11.22,      7.40,      0.01
      477.96,   6024.68,     -6.22,    -13.00,      7.30,      0.01
      459.71,   6322.78,     -8.29,    -15.01,      7.20,      0.01
      441.88,   6623.56,    -10.36,    -17.20,      7.10,      0.01
      424.47,   6926.47,    -12.48,    -19.56,      7.00,      0.01
      407.47,   7232.58,    -14.59,    -21.90,      6.90,      0.01
      390.89,   7541.27,    -16.73,    -24.13,      6.80,      0.01
      374.72,   7852.59,    -18.90,    -26.47,      6.70,      0.01
      358.97,   8166.82,    -21.09,    -28.96,      6.60,      0.01
      343.62,   8482.41,    -23.38,    -32.20,      6.50,      0.01
      328.68,   8800.60,    -25.71,    -36.37,      6.40,      0.01
      314.14,   9121.17,    -28.09,    -40.50,      6.30,      0.01
      300.00,   9442.22,    -30.63,    -44.47,      6.20,      0.01
      286.26,   9765.53,    -33.23,    -48.31,      6.10,      0.01
      272.92,  10091.88,    -35.83,    -51.55,      6.00,      0.01
      259.97,  10420.74,    -38.47,    -54.04,      5.90,      0.01
      247.41,  10755.66,    -40.98,    -56.42,      5.80,      0.01
      235.23,  11094.45,    -43.48,    -58.74,      5.70,      0.01
      223.44,  11439.85,    -45.84,    -61.02,      5.60,      0.01
      212.03,  11787.15,    -48.30,    -63.36,      5.50,      0.01
      200.99,  12137.10,    -50.83,    -65.85,      5.40,      0.01
      190.32,  12490.19,    -53.40,    -68.47,      5.30,      0.01
      180.02,  12837.86,    -56.35,    -71.04,      5.20,      0.01
      170.08,  13186.57,    -59.42,    -73.49,      5.10,      0.01
      160.50,  13535.08,    -62.63,    -75.90,      5.00,      0.01
      151.27,  13890.17,    -65.74,    -78.30,      4.90,      0.01
      142.38,  14248.71,    -68.87,    -80.60,      4.80,      0.01
      133.85,  14617.38,    -71.79,    -82.72,      4.70,      0.01
      125.65,  14996.02,    -74.55,    -84.52,      4.60,      0.01
      117.78,  15386.96,    -77.07,    -86.30,      4.50,      0.01
      110.24,  15791.18,    -79.38,    -88.28,      4.40,      0.01
      103.02,  16218.08,    -81.20,    -89.72,      4.30,      0.01
       96.11,  16678.29,    -82.28,    -90.20,      4.20,      0.01
       89.52,  17171.66,    -82.70,    -90.27,      4.10,      0.01
       83.23,  17724.32,    -81.81,    -90.35,      4.00,      0.01
       77.24,  18329.33,    -79.93,    -90.42,      3.90,      0.01
       71.54,  18972.08,    -77.53,    -90.53,      3.80,      0.01
       66.13,  19642.67,    -74.95,    -90.65,      3.70,      0.01
       60.99,  20338.17,    -72.28,    -90.77,      3.60,      0.01
       56.13,  21061.20,    -69.50,    -90.89,      3.50,      0.01
       51.53,  21808.64,    -66.72,    -91.01,      3.40,      0.01
       47.19,  22562.03,    -64.38,    -91.24,      3.30,      0.01
       43.10,  23331.45,    -62.25,    -91.60,      3.20,      0.01
       39.26,  24105.54,    -60.58,    -91.99,      3.10,      0.01
       35.65,  24895.06,    -59.14,    -92.39,      3.00,      0.01
       32.27,  25716.44,    -57.61,    -92.85,      2.90,      0.01
       29.12,  26569.35,    -56.05,    -93.37,      2.80,      0.01
       26.18,  27453.84,    -54.49,    -93.93,      2.70,      0.01
       23.45,  28371.58,    -52.92,    -94.49,      2.60,      0.01
       20.92,  29304.10,    -51.73,    -95.04,      2.50,      0.01
       18.58,  30258.54,    -50.80,    -95.57,      2.40,      0.01
       16.43,  31259.54,    -49.73,    -96.12,      2.30,      0.01
       14.46,  32311.90,    -48.51,    -96.71,      2.20,      0.01
       12.65,  33418.08,    -47.17,    -97.33,      2.10,      0.01
       11.00,  34583.06,    -45.70,    -97.99,      2.00,      0.01
        9.51,  35825.77,    -43.89,    -98.70,      1.90,      0.01
        8.17,  37171.34,    -41.49,    -99.45,      1.80,      0.01
        6.96,  38641.83,    -38.33,   -100.24,      1.70,      0.01
        5.88,  40231.78,    -34.64,   -101.06,      1.60,      0.01
        4.92,  41964.28,    -30.29,   -101.92,      1.50,      0.01
        4.08,  43857.87,    -25.24,   -102.80,      1.40,      0.01
        3.34,  45948.73,    -19.25,   -103.67,      1.30,      0.01
        2.70,  48188.96,    -13.16,   -104.53,      1.20,      0.01
        2.15,  50420.39,     -8.93,   -105.42,      1.10,      0.01
        1.69,  52674.62,     -6.24,   -106.41,      1.00,      0.01
        1.30,  55039.07,     -4.25,   -107.53,      0.90,      0.01
        0.98,  57357.59,     -4.71,   -108.81,      0.80,      0.01
        0.71,  59685.63,     -7.13,   -110.19,      0.70,      0.01
        0.51,  61949.34,    -12.28,   -111.73,      0.60,      0.01
        0.35,  64052.18,    -21.08,   -113.59,      0.50,      0.01
        0.22,  66104.59,    -32.62,   -115.65,      0.40,      0.01
        0.14,  68523.34,    -43.92,   -117.78,      0.30,      0.01
        0.08,  71301.81,    -56.01,   -120.16,      0.20,      0.01
        0.04,  75306.40,    -64.28,   -122.99,      0.10,      0.01
        0.02,  81808.92,    -63.92,   -126.52,      0.00,      0.01
%END%
