%TITLE%
STC 190425/175647 3.34,-59.12

       LEVEL       HGHT       TEMP       DWPT       WDIR       WSPD
-------------------------------------------------------------------
%RAW%
      986.62,      0.00,     32.84,     21.55,      9.50,      0.01
      958.59,    257.84,     26.50,     20.47,      9.40,      0.01
      931.52,    512.07,     24.28,     19.33,      9.30,      0.01
      904.87,    767.68,     21.98,     18.02,      9.20,      0.01
      878.62,   1025.68,     20.26,     16.55,      9.10,      0.01
      852.79,   1285.75,     18.58,     15.05,      9.00,      0.01
      827.37,   1548.53,     17.15,     13.53,      8.90,      0.01
      802.37,   1814.90,     16.13,     11.94,      8.80,      0.01
      777.79,   2083.21,     14.88,     10.33,      8.70,      0.01
      753.63,   2355.11,     13.87,      8.70,      8.60,      0.01
      729.89,   2630.09,     12.89,      7.07,      8.50,      0.01
      706.57,   2908.86,     12.07,      5.44,      8.40,      0.01
      683.67,   3190.03,     11.09,      3.88,      8.30,      0.01
      661.19,   3473.29,      9.90,      2.42,      8.20,      0.01
      639.14,   3756.61,      8.25,      1.01,      8.10,      0.01
      617.51,   4041.03,      6.36,     -0.36,      8.00,      0.01
      596.31,   4328.21,      4.51,     -1.73,      7.90,      0.01
      575.52,   4618.40,      2.72,     -3.21,      7.80,      0.01
      555.17,   4911.91,      1.01,     -4.89,      7.70,      0.01
      535.23,   5207.53,     -0.78,     -6.79,      7.60,      0.01
      515.72,   5505.30,     -2.64,     -8.84,      7.50,      0.01
      496.63,   5805.69,     -4.52,    -10.95,      7.40,      0.01
      477.96,   6108.84,     -6.42,    -13.18,      7.30,      0.01
      459.71,   6416.79,     -8.15,    -15.53,      7.20,      0.01
      441.88,   6727.52,     -9.94,    -17.91,      7.10,      0.01
      424.47,   7040.46,    -11.81,    -20.27,      7.00,      0.01
      407.47,   7356.48,    -13.70,    -22.71,      6.90,      0.01
      390.89,   7674.37,    -15.71,    -25.24,      6.80,      0.01
      374.72,   7994.79,    -17.77,    -27.81,      6.70,      0.01
      358.97,   8317.53,    -19.91,    -30.41,      6.60,      0.01
      343.62,   8642.05,    -22.14,    -33.25,      6.50,      0.01
      328.68,   8968.66,    -24.46,    -36.40,      6.40,      0.01
      314.14,   9297.20,    -26.87,    -39.34,      6.30,      0.01
      300.00,   9628.19,    -29.33,    -41.88,      6.20,      0.01
      286.26,   9961.31,    -31.86,    -44.32,      6.10,      0.01
      272.92,  10296.76,    -34.45,    -46.72,      6.00,      0.01
      259.97,  10634.16,    -37.11,    -49.09,      5.90,      0.01
      247.41,  10976.77,    -39.69,    -51.47,      5.80,      0.01
      235.23,  11322.49,    -42.30,    -53.92,      5.70,      0.01
      223.44,  11672.97,    -44.85,    -56.47,      5.60,      0.01
      212.03,  12026.24,    -47.47,    -59.11,      5.50,      0.01
      200.99,  12381.09,    -50.19,    -61.81,      5.40,      0.01
      190.32,  12735.49,    -53.10,    -64.59,      5.30,      0.01
      180.02,  13083.73,    -56.41,    -67.37,      5.20,      0.01
      170.08,  13432.52,    -59.83,    -70.18,      5.10,      0.01
      160.50,  13785.86,    -63.21,    -73.03,      5.00,      0.01
      151.27,  14147.46,    -66.41,    -75.81,      4.90,      0.01
      142.38,  14515.32,    -69.54,    -78.45,      4.80,      0.01
      133.85,  14891.95,    -72.52,    -80.86,      4.70,      0.01
      125.65,  15283.07,    -75.19,    -82.93,      4.60,      0.01
      117.78,  15686.12,    -77.65,    -84.82,      4.50,      0.01
      110.24,  16102.19,    -79.90,    -86.75,      4.40,      0.01
      103.02,  16543.17,    -81.61,    -88.24,      4.30,      0.01
       96.11,  17026.12,    -82.35,    -88.85,      4.20,      0.01
       89.52,  17544.65,    -82.38,    -89.09,      4.10,      0.01
       83.23,  18114.07,    -81.36,    -89.34,      4.00,      0.01
       77.24,  18730.93,    -79.49,    -89.58,      3.90,      0.01
       71.54,  19384.75,    -77.14,    -89.81,      3.80,      0.01
       66.13,  20065.16,    -74.64,    -89.97,      3.70,      0.01
       60.99,  20760.86,    -72.29,    -90.11,      3.60,      0.01
       56.13,  21471.86,    -70.12,    -90.25,      3.50,      0.01
       51.53,  22208.11,    -67.90,    -90.39,      3.40,      0.01
       47.19,  22961.56,    -65.83,    -90.64,      3.30,      0.01
       43.10,  23736.15,    -63.87,    -91.01,      3.20,      0.01
       39.26,  24515.24,    -62.36,    -91.41,      3.10,      0.01
       35.65,  25308.69,    -61.11,    -91.83,      3.00,      0.01
       32.27,  26144.59,    -59.56,    -92.30,      2.90,      0.01
       29.12,  27022.14,    -57.78,    -92.86,      2.80,      0.01
       26.18,  27933.42,    -55.98,    -93.45,      2.70,      0.01
       23.45,  28880.58,    -54.16,    -94.04,      2.60,      0.01
       20.92,  29854.39,    -52.53,    -94.62,      2.50,      0.01
       18.58,  30863.17,    -50.97,    -95.19,      2.40,      0.01
       16.43,  31919.76,    -49.30,    -95.77,      2.30,      0.01
       14.46,  33022.37,    -47.62,    -96.39,      2.20,      0.01
       12.65,  34174.26,    -45.92,    -97.03,      2.10,      0.01
       11.00,  35379.75,    -44.21,    -97.71,      2.00,      0.01
        9.51,  36653.63,    -42.34,    -98.43,      1.90,      0.01
        8.17,  38000.69,    -40.31,    -99.20,      1.80,      0.01
        6.96,  39441.13,    -37.96,    -99.99,      1.70,      0.01
        5.88,  40988.51,    -35.22,   -100.82,      1.60,      0.01
        4.92,  42731.42,    -31.08,   -101.68,      1.50,      0.01
        4.08,  44650.85,    -26.05,   -102.58,      1.40,      0.01
        3.34,  46750.18,    -20.32,   -103.49,      1.30,      0.01
        2.70,  48967.60,    -14.85,   -104.37,      1.20,      0.01
        2.15,  51181.95,    -11.15,   -105.30,      1.10,      0.01
        1.69,  53475.07,     -8.38,   -106.30,      1.00,      0.01
        1.30,  55947.06,     -5.64,   -107.44,      0.90,      0.01
        0.98,  58337.34,     -5.79,   -108.73,      0.80,      0.01
        0.71,  60721.50,     -8.11,   -110.13,      0.70,      0.01
        0.51,  63028.63,    -13.32,   -111.71,      0.60,      0.01
        0.35,  65193.28,    -22.08,   -113.61,      0.50,      0.01
        0.22,  67356.34,    -33.25,   -115.70,      0.40,      0.01
        0.14,  69920.42,    -44.01,   -117.86,      0.30,      0.01
        0.08,  72837.37,    -55.78,   -120.25,      0.20,      0.01
        0.04,  76906.35,    -64.38,   -123.11,      0.10,      0.01
        0.02,  83418.78,    -64.83,   -126.63,      0.00,      0.01
%END%
