%TITLE%
STC 190425/175647 0.72,-68.69

       LEVEL       HGHT       TEMP       DWPT       WDIR       WSPD
-------------------------------------------------------------------
%RAW%
      998.45,      0.00,     27.17,     21.50,      9.60,      0.01
      986.07,    110.55,     26.46,     20.98,      9.50,      0.01
      958.59,    360.51,     25.84,     20.07,      9.40,      0.01
      931.52,    613.99,     25.91,     19.14,      9.30,      0.01
      904.87,    869.74,     25.15,     18.28,      9.20,      0.01
      878.62,   1126.65,     23.51,     17.41,      9.10,      0.01
      852.79,   1385.08,     21.67,     16.21,      9.00,      0.01
      827.37,   1645.47,     19.88,     14.73,      8.90,      0.01
      802.37,   1910.05,     18.77,     13.24,      8.80,      0.01
      777.79,   2174.89,     17.00,     11.76,      8.70,      0.01
      753.63,   2444.31,     15.82,     10.27,      8.60,      0.01
      729.89,   2713.80,     14.06,      8.73,      8.50,      0.01
      706.57,   2984.41,     12.09,      7.13,      8.40,      0.01
      683.67,   3258.32,     10.33,      5.55,      8.30,      0.01
      661.19,   3535.90,      8.78,      4.00,      8.20,      0.01
      639.14,   3814.15,      6.93,      2.49,      8.10,      0.01
      617.51,   4100.89,      5.93,      0.99,      8.00,      0.01
      596.31,   4388.67,      4.64,     -0.53,      7.90,      0.01
      575.52,   4677.17,      3.05,     -2.16,      7.80,      0.01
      555.17,   4968.17,      1.43,     -4.01,      7.70,      0.01
      535.23,   5261.56,     -0.24,     -6.12,      7.60,      0.01
      515.72,   5557.41,     -1.95,     -8.41,      7.50,      0.01
      496.63,   5855.91,     -3.70,    -10.76,      7.40,      0.01
      477.96,   6157.04,     -5.49,    -13.09,      7.30,      0.01
      459.71,   6462.73,     -7.16,    -15.42,      7.20,      0.01
      441.88,   6769.66,     -9.00,    -17.73,      7.10,      0.01
      424.47,   7078.22,    -10.97,    -20.01,      7.00,      0.01
      407.47,   7388.54,    -13.05,    -22.31,      6.90,      0.01
      390.89,   7700.15,    -15.26,    -24.68,      6.80,      0.01
      374.72,   8013.73,    -17.55,    -27.12,      6.70,      0.01
      358.97,   8329.38,    -19.90,    -29.59,      6.60,      0.01
      343.62,   8646.84,    -22.33,    -31.89,      6.50,      0.01
      328.68,   8965.33,    -24.89,    -33.97,      6.40,      0.01
      314.14,   9285.33,    -27.54,    -36.14,      6.30,      0.01
      300.00,   9607.33,    -30.24,    -38.43,      6.20,      0.01
      286.26,   9931.58,    -32.98,    -40.84,      6.10,      0.01
      272.92,  10257.39,    -35.79,    -43.47,      6.00,      0.01
      259.97,  10586.35,    -38.60,    -46.27,      5.90,      0.01
      247.41,  10922.14,    -41.23,    -49.02,      5.80,      0.01
      235.23,  11262.20,    -43.83,    -51.79,      5.70,      0.01
      223.44,  11609.34,    -46.26,    -54.67,      5.60,      0.01
      212.03,  11962.52,    -48.62,    -57.66,      5.50,      0.01
      200.99,  12322.00,    -50.89,    -60.75,      5.40,      0.01
      190.32,  12684.34,    -53.23,    -63.91,      5.30,      0.01
      180.02,  13040.79,    -56.00,    -67.09,      5.20,      0.01
      170.08,  13396.62,    -58.96,    -70.24,      5.10,      0.01
      160.50,  13746.36,    -62.29,    -73.31,      5.00,      0.01
      151.27,  14099.20,    -65.64,    -76.14,      4.90,      0.01
      142.38,  14454.86,    -69.03,    -78.67,      4.80,      0.01
      133.85,  14817.37,    -72.31,    -80.90,      4.70,      0.01
      125.65,  15193.11,    -75.29,    -82.83,      4.60,      0.01
      117.78,  15584.25,    -77.94,    -84.76,      4.50,      0.01
      110.24,  15990.46,    -80.31,    -86.85,      4.40,      0.01
      103.02,  16426.31,    -81.98,    -88.41,      4.30,      0.01
       96.11,  16902.86,    -82.72,    -89.00,      4.20,      0.01
       89.52,  17406.94,    -82.98,    -89.18,      4.10,      0.01
       83.23,  17956.36,    -82.32,    -89.36,      4.00,      0.01
       77.24,  18555.41,    -80.75,    -89.55,      3.90,      0.01
       71.54,  19196.18,    -78.54,    -89.71,      3.80,      0.01
       66.13,  19878.61,    -75.79,    -89.84,      3.70,      0.01
       60.99,  20582.33,    -73.06,    -89.96,      3.60,      0.01
       56.13,  21306.17,    -70.40,    -90.09,      3.50,      0.01
       51.53,  22054.60,    -67.73,    -90.22,      3.40,      0.01
       47.19,  22806.34,    -65.55,    -90.45,      3.30,      0.01
       43.10,  23571.40,    -63.64,    -90.82,      3.20,      0.01
       39.26,  24347.58,    -62.04,    -91.22,      3.10,      0.01
       35.65,  25147.12,    -60.51,    -91.63,      3.00,      0.01
       32.27,  25981.10,    -58.86,    -92.10,      2.90,      0.01
       29.12,  26847.00,    -57.16,    -92.65,      2.80,      0.01
       26.18,  27740.95,    -55.55,    -93.22,      2.70,      0.01
       23.45,  28665.63,    -53.98,    -93.80,      2.60,      0.01
       20.92,  29615.22,    -52.62,    -94.36,      2.50,      0.01
       18.58,  30604.93,    -51.21,    -94.90,      2.40,      0.01
       16.43,  31639.28,    -49.74,    -95.47,      2.30,      0.01
       14.46,  32711.83,    -48.36,    -96.07,      2.20,      0.01
       12.65,  33837.67,    -46.88,    -96.71,      2.10,      0.01
       11.00,  35021.61,    -45.29,    -97.38,      2.00,      0.01
        9.51,  36303.03,    -43.10,    -98.10,      1.90,      0.01
        8.17,  37686.30,    -40.36,    -98.87,      1.80,      0.01
        6.96,  39170.57,    -37.22,    -99.67,      1.70,      0.01
        5.88,  40761.76,    -33.73,   -100.50,      1.60,      0.01
        4.92,  42500.04,    -29.52,   -101.36,      1.50,      0.01
        4.08,  44395.75,    -24.65,   -102.26,      1.40,      0.01
        3.34,  46441.92,    -19.42,   -103.16,      1.30,      0.01
        2.70,  48619.48,    -14.24,   -104.03,      1.20,      0.01
        2.15,  50817.36,    -10.55,   -104.94,      1.10,      0.01
        1.69,  53085.74,     -7.85,   -105.94,      1.00,      0.01
        1.30,  55541.84,     -5.07,   -107.09,      0.90,      0.01
        0.98,  57928.96,     -5.04,   -108.39,      0.80,      0.01
        0.71,  60309.88,     -7.16,   -109.79,      0.70,      0.01
        0.51,  62612.14,    -12.20,   -111.36,      0.60,      0.01
        0.35,  64752.56,    -20.92,   -113.24,      0.50,      0.01
        0.22,  66848.94,    -32.38,   -115.34,      0.40,      0.01
        0.14,  69317.80,    -43.59,   -117.50,      0.30,      0.01
        0.08,  72146.85,    -55.65,   -119.90,      0.20,      0.01
        0.04,  76192.60,    -64.02,   -122.76,      0.10,      0.01
        0.02,  82740.21,    -63.81,   -126.32,      0.00,      0.01
%END%
