%TITLE%
STC 190425/175647 0.09,-75.07

       LEVEL       HGHT       TEMP       DWPT       WDIR       WSPD
-------------------------------------------------------------------
%RAW%
      990.89,      0.00,     21.47,     16.78,      9.50,      0.01
      958.59,    288.01,     22.13,     15.86,      9.40,      0.01
      931.52,    535.81,     20.98,     14.64,      9.30,      0.01
      904.87,    785.74,     19.70,     13.21,      9.20,      0.01
      878.62,   1040.10,     19.64,     11.79,      9.10,      0.01
      852.79,   1297.04,     19.18,     10.67,      9.00,      0.01
      827.37,   1556.76,     18.57,      9.82,      8.90,      0.01
      802.37,   1819.52,     17.94,      9.00,      8.80,      0.01
      777.79,   2082.71,     16.55,      8.14,      8.70,      0.01
      753.63,   2350.60,     15.72,      7.19,      8.60,      0.01
      729.89,   2615.83,     13.62,      6.15,      8.50,      0.01
      706.57,   2888.66,     12.72,      4.50,      8.40,      0.01
      683.67,   3161.53,     11.30,      2.31,      8.30,      0.01
      661.19,   3436.57,      9.79,      0.20,      8.20,      0.01
      639.14,   3712.64,      8.03,     -1.83,      8.10,      0.01
      617.51,   3989.66,      6.02,     -3.49,      8.00,      0.01
      596.31,   4271.58,      4.34,     -4.82,      7.90,      0.01
      575.52,   4557.30,      2.80,     -6.18,      7.80,      0.01
      555.17,   4844.05,      1.05,     -7.63,      7.70,      0.01
      535.23,   5131.37,     -0.94,     -9.30,      7.60,      0.01
      515.72,   5420.74,     -2.99,    -10.78,      7.50,      0.01
      496.63,   5712.85,     -5.03,    -12.04,      7.40,      0.01
      477.96,   6005.88,     -7.22,    -13.50,      7.30,      0.01
      459.71,   6303.54,     -9.23,    -15.21,      7.20,      0.01
      441.88,   6603.77,    -11.25,    -17.12,      7.10,      0.01
      424.47,   6906.51,    -13.30,    -19.18,      7.00,      0.01
      407.47,   7213.61,    -15.23,    -21.67,      6.90,      0.01
      390.89,   7523.16,    -17.21,    -24.54,      6.80,      0.01
      374.72,   7835.18,    -19.25,    -27.40,      6.70,      0.01
      358.97,   8149.93,    -21.33,    -30.26,      6.60,      0.01
      343.62,   8466.59,    -23.51,    -33.22,      6.50,      0.01
      328.68,   8787.11,    -25.64,    -36.31,      6.40,      0.01
      314.14,   9110.27,    -27.83,    -39.26,      6.30,      0.01
      300.00,   9435.30,    -30.12,    -41.98,      6.20,      0.01
      286.26,   9763.02,    -32.44,    -44.70,      6.10,      0.01
      272.92,  10092.84,    -34.85,    -47.53,      6.00,      0.01
      259.97,  10424.38,    -37.34,    -50.41,      5.90,      0.01
      247.41,  10756.91,    -39.96,    -53.17,      5.80,      0.01
      235.23,  11091.25,    -42.66,    -55.89,      5.70,      0.01
      223.44,  11426.83,    -45.46,    -58.64,      5.60,      0.01
      212.03,  11764.57,    -48.32,    -61.42,      5.50,      0.01
      200.99,  12103.69,    -51.27,    -64.21,      5.40,      0.01
      190.32,  12445.17,    -54.26,    -66.99,      5.30,      0.01
      180.02,  12784.82,    -57.47,    -69.72,      5.20,      0.01
      170.08,  13127.06,    -60.71,    -72.33,      5.10,      0.01
      160.50,  13475.20,    -63.86,    -74.79,      5.00,      0.01
      151.27,  13830.82,    -66.87,    -77.14,      4.90,      0.01
      142.38,  14192.22,    -69.82,    -79.33,      4.80,      0.01
      133.85,  14560.77,    -72.69,    -81.29,      4.70,      0.01
      125.65,  14944.60,    -75.20,    -83.02,      4.60,      0.01
      117.78,  15342.82,    -77.44,    -84.87,      4.50,      0.01
      110.24,  15756.43,    -79.41,    -87.02,      4.40,      0.01
      103.02,  16197.28,    -80.77,    -88.58,      4.30,      0.01
       96.11,  16669.92,    -81.46,    -89.14,      4.20,      0.01
       89.52,  17171.93,    -81.63,    -89.29,      4.10,      0.01
       83.23,  17725.81,    -80.70,    -89.43,      4.00,      0.01
       77.24,  18321.76,    -79.06,    -89.58,      3.90,      0.01
       71.54,  18955.09,    -76.90,    -89.72,      3.80,      0.01
       66.13,  19628.08,    -74.24,    -89.84,      3.70,      0.01
       60.99,  20325.94,    -71.50,    -89.95,      3.60,      0.01
       56.13,  21041.58,    -68.89,    -90.07,      3.50,      0.01
       51.53,  21776.99,    -66.37,    -90.19,      3.40,      0.01
       47.19,  22519.05,    -64.26,    -90.42,      3.30,      0.01
       43.10,  23275.23,    -62.38,    -90.78,      3.20,      0.01
       39.26,  24034.59,    -60.99,    -91.17,      3.10,      0.01
       35.65,  24808.36,    -59.83,    -91.58,      3.00,      0.01
       32.27,  25616.90,    -58.51,    -92.04,      2.90,      0.01
       29.12,  26462.21,    -57.03,    -92.58,      2.80,      0.01
       26.18,  27338.41,    -55.56,    -93.14,      2.70,      0.01
       23.45,  28247.96,    -54.08,    -93.71,      2.60,      0.01
       20.92,  29181.79,    -52.80,    -94.26,      2.50,      0.01
       18.58,  30139.81,    -51.73,    -94.79,      2.40,      0.01
       16.43,  31152.01,    -50.42,    -95.35,      2.30,      0.01
       14.46,  32229.14,    -48.74,    -95.94,      2.20,      0.01
       12.65,  33363.81,    -46.91,    -96.57,      2.10,      0.01
       11.00,  34561.42,    -44.91,    -97.23,      2.00,      0.01
        9.51,  35824.03,    -42.80,    -97.94,      1.90,      0.01
        8.17,  37182.43,    -40.21,    -98.71,      1.80,      0.01
        6.96,  38648.09,    -37.12,    -99.50,      1.70,      0.01
        5.88,  40225.42,    -33.61,   -100.33,      1.60,      0.01
        4.92,  41955.67,    -29.28,   -101.19,      1.50,      0.01
        4.08,  43847.04,    -24.25,   -102.08,      1.40,      0.01
        3.34,  45897.78,    -18.74,   -102.96,      1.30,      0.01
        2.70,  48078.90,    -13.31,   -103.82,      1.20,      0.01
        2.15,  50266.39,     -9.52,   -104.71,      1.10,      0.01
        1.69,  52508.18,     -6.89,   -105.71,      1.00,      0.01
        1.30,  54881.80,     -4.74,   -106.85,      0.90,      0.01
        0.98,  57201.84,     -5.12,   -108.14,      0.80,      0.01
        0.71,  59527.66,     -7.49,   -109.53,      0.70,      0.01
        0.51,  61789.29,    -12.58,   -111.08,      0.60,      0.01
        0.35,  63887.32,    -21.35,   -112.96,      0.50,      0.01
        0.22,  65931.12,    -32.89,   -115.04,      0.40,      0.01
        0.14,  68337.72,    -44.20,   -117.18,      0.30,      0.01
        0.08,  71101.17,    -56.32,   -119.57,      0.20,      0.01
        0.04,  75088.29,    -64.59,   -122.42,      0.10,      0.01
        0.02,  81577.60,    -64.20,   -125.98,      0.00,      0.01
%END%
