%TITLE%
STC 190425/175647 1.15,-71.73

       LEVEL       HGHT       TEMP       DWPT       WDIR       WSPD
-------------------------------------------------------------------
%RAW%
      982.04,      0.00,     25.12,     14.17,      9.50,      0.01
      958.59,    212.48,     25.68,     16.41,      9.40,      0.01
      931.52,    462.49,     23.33,     15.57,      9.30,      0.01
      904.87,    713.93,     21.09,     14.19,      9.20,      0.01
      878.62,    969.12,     20.26,     12.64,      9.10,      0.01
      852.79,   1226.65,     19.19,     11.55,      9.00,      0.01
      827.37,   1488.40,     18.69,     11.14,      8.90,      0.01
      802.37,   1754.21,     18.43,     10.98,      8.80,      0.01
      777.79,   2017.93,     16.51,     10.88,      8.70,      0.01
      753.63,   2290.21,     16.27,     10.70,      8.60,      0.01
      729.89,   2562.31,     15.15,     10.33,      8.50,      0.01
      706.57,   2838.06,     14.28,      9.12,      8.40,      0.01
      683.67,   3113.78,     12.88,      7.24,      8.30,      0.01
      661.19,   3388.31,     10.79,      5.63,      8.20,      0.01
      639.14,   3664.32,      8.59,      4.14,      8.10,      0.01
      617.51,   3951.11,      7.69,      2.35,      8.00,      0.01
      596.31,   4246.97,      7.61,      0.06,      7.90,      0.01
      575.52,   4544.82,      7.24,     -2.56,      7.80,      0.01
      555.17,   4837.27,      5.74,     -5.53,      7.70,      0.01
      535.23,   5129.41,      3.87,     -8.90,      7.60,      0.01
      515.72,   5423.38,      1.87,    -11.78,      7.50,      0.01
      496.63,   5718.54,     -0.32,    -13.85,      7.40,      0.01
      477.96,   6013.43,     -2.77,    -15.96,      7.30,      0.01
      459.71,   6311.67,     -5.14,    -18.06,      7.20,      0.01
      441.88,   6610.24,     -7.69,    -20.19,      7.10,      0.01
      424.47,   6909.40,    -10.39,    -22.40,      7.00,      0.01
      407.47,   7210.09,    -13.15,    -24.32,      6.90,      0.01
      390.89,   7512.31,    -15.97,    -25.88,      6.80,      0.01
      374.72,   7816.13,    -18.84,    -27.55,      6.70,      0.01
      358.97,   8121.50,    -21.75,    -29.40,      6.60,      0.01
      343.62,   8430.10,    -24.60,    -31.25,      6.50,      0.01
      328.68,   8741.89,    -27.40,    -33.12,      6.40,      0.01
      314.14,   9056.50,    -30.18,    -35.20,      6.30,      0.01
      300.00,   9374.16,    -32.95,    -37.37,      6.20,      0.01
      286.26,   9694.58,    -35.71,    -39.62,      6.10,      0.01
      272.92,  10016.87,    -38.54,    -42.23,      6.00,      0.01
      259.97,  10342.84,    -41.32,    -45.28,      5.90,      0.01
      247.41,  10676.06,    -43.89,    -48.39,      5.80,      0.01
      235.23,  11014.46,    -46.39,    -51.52,      5.70,      0.01
      223.44,  11363.11,    -48.59,    -54.67,      5.60,      0.01
      212.03,  11719.75,    -50.63,    -57.88,      5.50,      0.01
      200.99,  12084.32,    -52.53,    -61.13,      5.40,      0.01
      190.32,  12456.77,    -54.32,    -64.41,      5.30,      0.01
      180.02,  12824.76,    -56.52,    -67.69,      5.20,      0.01
      170.08,  13194.69,    -58.83,    -70.86,      5.10,      0.01
      160.50,  13557.81,    -61.60,    -73.83,      5.00,      0.01
      151.27,  13923.86,    -64.42,    -76.47,      4.90,      0.01
      142.38,  14293.47,    -67.28,    -78.78,      4.80,      0.01
      133.85,  14671.86,    -70.00,    -80.77,      4.70,      0.01
      125.65,  15055.89,    -72.71,    -82.42,      4.60,      0.01
      117.78,  15445.50,    -75.41,    -84.24,      4.50,      0.01
      110.24,  15841.91,    -78.08,    -86.44,      4.40,      0.01
      103.02,  16257.38,    -80.36,    -88.03,      4.30,      0.01
       96.11,  16714.47,    -81.63,    -88.67,      4.20,      0.01
       89.52,  17197.13,    -82.44,    -88.90,      4.10,      0.01
       83.23,  17732.73,    -82.09,    -89.14,      4.00,      0.01
       77.24,  18319.31,    -80.75,    -89.38,      3.90,      0.01
       71.54,  18952.37,    -78.65,    -89.58,      3.80,      0.01
       66.13,  19633.59,    -75.81,    -89.72,      3.70,      0.01
       60.99,  20337.59,    -72.97,    -89.85,      3.60,      0.01
       56.13,  21053.14,    -70.40,    -89.98,      3.50,      0.01
       51.53,  21786.27,    -67.98,    -90.12,      3.40,      0.01
       47.19,  22528.58,    -65.91,    -90.35,      3.30,      0.01
       43.10,  23293.93,    -63.88,    -90.73,      3.20,      0.01
       39.26,  24070.34,    -62.17,    -91.13,      3.10,      0.01
       35.65,  24862.05,    -60.70,    -91.55,      3.00,      0.01
       32.27,  25687.73,    -59.11,    -92.02,      2.90,      0.01
       29.12,  26546.08,    -57.46,    -92.57,      2.80,      0.01
       26.18,  27437.56,    -55.78,    -93.15,      2.70,      0.01
       23.45,  28366.11,    -54.04,    -93.74,      2.60,      0.01
       20.92,  29338.58,    -52.17,    -94.30,      2.50,      0.01
       18.58,  30331.11,    -50.63,    -94.86,      2.40,      0.01
       16.43,  31350.76,    -49.32,    -95.43,      2.30,      0.01
       14.46,  32398.99,    -48.24,    -96.04,      2.20,      0.01
       12.65,  33504.95,    -46.98,    -96.68,      2.10,      0.01
       11.00,  34674.08,    -45.51,    -97.36,      2.00,      0.01
        9.51,  35919.81,    -43.73,    -98.08,      1.90,      0.01
        8.17,  37273.90,    -41.28,    -98.86,      1.80,      0.01
        6.96,  38726.67,    -38.43,    -99.66,      1.70,      0.01
        5.88,  40293.10,    -35.13,   -100.50,      1.60,      0.01
        4.92,  42066.79,    -30.29,   -101.37,      1.50,      0.01
        4.08,  44008.16,    -24.71,   -102.27,      1.40,      0.01
        3.34,  46123.83,    -18.51,   -103.17,      1.30,      0.01
        2.70,  48370.03,    -12.45,   -104.05,      1.20,      0.01
        2.15,  50589.22,     -8.45,   -104.97,      1.10,      0.01
        1.69,  52841.06,     -5.89,   -105.99,      1.00,      0.01
        1.30,  55178.70,     -4.28,   -107.14,      0.90,      0.01
        0.98,  57482.37,     -4.97,   -108.44,      0.80,      0.01
        0.71,  59799.03,     -7.58,   -109.85,      0.70,      0.01
        0.51,  62055.07,    -12.88,   -111.43,      0.60,      0.01
        0.35,  64162.56,    -21.73,   -113.33,      0.50,      0.01
        0.22,  66238.07,    -33.18,   -115.43,      0.40,      0.01
        0.14,  68691.57,    -44.31,   -117.60,      0.30,      0.01
        0.08,  71502.11,    -56.29,   -120.02,      0.20,      0.01
        0.04,  75513.18,    -64.65,   -122.89,      0.10,      0.01
        0.02,  82006.71,    -64.49,   -126.45,      0.00,      0.01
%END%
