%TITLE%
STC 190425/175647 0.83,-73.57

       LEVEL       HGHT       TEMP       DWPT       WDIR       WSPD
-------------------------------------------------------------------
%RAW%
      983.85,      0.00,     28.00,     20.93,      9.50,      0.01
      958.59,    230.76,     26.33,     21.44,      9.40,      0.01
      931.52,    483.70,     24.79,     21.38,      9.30,      0.01
      904.87,    738.41,     22.96,     20.95,      9.20,      0.01
      878.62,    996.24,     21.89,     20.16,      9.10,      0.01
      852.79,   1254.40,     19.83,     18.88,      9.00,      0.01
      827.37,   1513.04,     17.35,     17.28,      8.90,      0.01
      802.37,   1778.79,     16.77,     15.74,      8.80,      0.01
      777.79,   2042.41,     14.65,     14.33,      8.70,      0.01
      753.63,   2314.69,     14.27,     13.01,      8.60,      0.01
      729.89,   2581.18,     11.76,     11.76,      8.50,      0.01
      706.57,   2856.28,     10.74,     10.28,      8.40,      0.01
      683.67,   3136.52,     10.16,      8.45,      8.30,      0.01
      661.19,   3418.02,      9.20,      6.62,      8.20,      0.01
      639.14,   3706.62,      8.83,      4.88,      8.10,      0.01
      617.51,   3988.48,      6.92,      3.11,      8.00,      0.01
      596.31,   4273.26,      5.08,      1.17,      7.90,      0.01
      575.52,   4562.70,      3.52,     -0.94,      7.80,      0.01
      555.17,   4852.14,      1.63,     -3.27,      7.70,      0.01
      535.23,   5143.53,     -0.34,     -5.79,      7.60,      0.01
      515.72,   5436.16,     -2.46,     -8.17,      7.50,      0.01
      496.63,   5730.63,     -4.67,    -10.38,      7.40,      0.01
      477.96,   6027.01,     -6.94,    -12.75,      7.30,      0.01
      459.71,   6326.46,     -9.16,    -15.29,      7.20,      0.01
      441.88,   6628.84,    -11.35,    -17.97,      7.10,      0.01
      424.47,   6933.44,    -13.59,    -20.74,      7.00,      0.01
      407.47,   7241.00,    -15.83,    -23.17,      6.90,      0.01
      390.89,   7553.22,    -17.96,    -25.10,      6.80,      0.01
      374.72,   7870.38,    -19.95,    -27.06,      6.70,      0.01
      358.97,   8191.47,    -21.90,    -29.16,      6.60,      0.01
      343.62,   8515.72,    -23.88,    -31.26,      6.50,      0.01
      328.68,   8843.56,    -25.86,    -33.33,      6.40,      0.01
      314.14,   9172.88,    -27.97,    -35.94,      6.30,      0.01
      300.00,   9501.05,    -30.36,    -39.04,      6.20,      0.01
      286.26,   9828.97,    -32.95,    -42.14,      6.10,      0.01
      272.92,  10158.63,    -35.62,    -45.17,      6.00,      0.01
      259.97,  10495.80,    -38.07,    -48.13,      5.90,      0.01
      247.41,  10842.17,    -40.26,    -51.10,      5.80,      0.01
      235.23,  11193.66,    -42.39,    -54.09,      5.70,      0.01
      223.44,  11552.41,    -44.40,    -57.05,      5.60,      0.01
      212.03,  11909.11,    -46.71,    -59.93,      5.50,      0.01
      200.99,  12261.13,    -49.41,    -62.78,      5.40,      0.01
      190.32,  12612.37,    -52.32,    -65.65,      5.30,      0.01
      180.02,  12953.59,    -55.78,    -68.51,      5.20,      0.01
      170.08,  13294.94,    -59.35,    -71.36,      5.10,      0.01
      160.50,  13638.24,    -62.97,    -74.22,      5.00,      0.01
      151.27,  13991.36,    -66.34,    -77.04,      4.90,      0.01
      142.38,  14353.60,    -69.52,    -79.73,      4.80,      0.01
      133.85,  14731.46,    -72.31,    -82.32,      4.70,      0.01
      125.65,  15118.75,    -74.96,    -84.78,      4.60,      0.01
      117.78,  15520.39,    -77.32,    -86.83,      4.50,      0.01
      110.24,  15931.73,    -79.58,    -88.64,      4.40,      0.01
      103.02,  16362.78,    -81.46,    -90.07,      4.30,      0.01
       96.11,  16830.75,    -82.49,    -90.56,      4.20,      0.01
       89.52,  17332.83,    -82.84,    -90.64,      4.10,      0.01
       83.23,  17906.01,    -81.55,    -90.73,      4.00,      0.01
       77.24,  18544.84,    -78.94,    -90.82,      3.90,      0.01
       71.54,  19214.56,    -76.04,    -90.94,      3.80,      0.01
       66.13,  19899.42,    -73.31,    -91.06,      3.70,      0.01
       60.99,  20599.72,    -70.74,    -91.18,      3.60,      0.01
       56.13,  21309.46,    -68.50,    -91.29,      3.50,      0.01
       51.53,  22036.40,    -66.39,    -91.42,      3.40,      0.01
       47.19,  22757.39,    -64.96,    -91.64,      3.30,      0.01
       43.10,  23495.97,    -63.65,    -92.00,      3.20,      0.01
       39.26,  24261.93,    -62.29,    -92.39,      3.10,      0.01
       35.65,  25058.56,    -60.83,    -92.78,      3.00,      0.01
       32.27,  25896.64,    -59.09,    -93.24,      2.90,      0.01
       29.12,  26771.98,    -57.23,    -93.77,      2.80,      0.01
       26.18,  27689.31,    -55.18,    -94.33,      2.70,      0.01
       23.45,  28648.58,    -53.02,    -94.89,      2.60,      0.01
       20.92,  29614.44,    -51.41,    -95.44,      2.50,      0.01
       18.58,  30597.78,    -50.17,    -95.97,      2.40,      0.01
       16.43,  31615.38,    -49.02,    -96.53,      2.30,      0.01
       14.46,  32665.87,    -48.04,    -97.11,      2.20,      0.01
       12.65,  33779.70,    -46.77,    -97.73,      2.10,      0.01
       11.00,  34963.08,    -45.22,    -98.38,      2.00,      0.01
        9.51,  36218.62,    -43.42,    -99.09,      1.90,      0.01
        8.17,  37557.19,    -41.33,    -99.84,      1.80,      0.01
        6.96,  39031.57,    -38.31,   -100.62,      1.70,      0.01
        5.88,  40624.17,    -34.79,   -101.43,      1.60,      0.01
        4.92,  42352.85,    -30.68,   -102.27,      1.50,      0.01
        4.08,  44254.86,    -25.71,   -103.15,      1.40,      0.01
        3.34,  46371.27,    -19.60,   -104.02,      1.30,      0.01
        2.70,  48620.82,    -13.60,   -104.87,      1.20,      0.01
        2.15,  50893.95,     -9.11,   -105.76,      1.10,      0.01
        1.69,  53232.09,     -5.74,   -106.74,      1.00,      0.01
        1.30,  55583.19,     -4.15,   -107.86,      0.90,      0.01
        0.98,  57900.57,     -4.88,   -109.13,      0.80,      0.01
        0.71,  60225.89,     -7.58,   -110.50,      0.70,      0.01
        0.51,  62503.08,    -12.86,   -112.03,      0.60,      0.01
        0.35,  64632.26,    -21.71,   -113.88,      0.50,      0.01
        0.22,  66727.67,    -33.19,   -115.94,      0.40,      0.01
        0.14,  69201.79,    -44.37,   -118.05,      0.30,      0.01
        0.08,  72039.52,    -56.39,   -120.41,      0.20,      0.01
        0.04,  76093.58,    -64.72,   -123.22,      0.10,      0.01
        0.02,  82648.97,    -64.47,   -126.73,      0.00,      0.01
%END%
