%TITLE%
STC 190425/175647 3.32,-62.28

       LEVEL       HGHT       TEMP       DWPT       WDIR       WSPD
-------------------------------------------------------------------
%RAW%
      985.06,      0.00,     32.77,     22.03,      9.50,      0.01
      958.59,    244.07,     27.62,     20.30,      9.40,      0.01
      931.52,    499.67,     26.42,     19.19,      9.30,      0.01
      904.87,    756.90,     24.60,     18.13,      9.20,      0.01
      878.62,   1016.09,     22.81,     17.03,      9.10,      0.01
      852.79,   1276.51,     20.69,     15.85,      9.00,      0.01
      827.37,   1539.22,     18.81,     14.52,      8.90,      0.01
      802.37,   1805.23,     17.39,     13.00,      8.80,      0.01
      777.79,   2073.69,     16.00,     11.36,      8.70,      0.01
      753.63,   2345.80,     14.90,      9.68,      8.60,      0.01
      729.89,   2618.75,     13.35,      7.97,      8.50,      0.01
      706.57,   2897.94,     12.58,      6.16,      8.40,      0.01
      683.67,   3177.55,     11.28,      4.31,      8.30,      0.01
      661.19,   3459.64,      9.90,      2.55,      8.20,      0.01
      639.14,   3744.54,      8.51,      0.89,      8.10,      0.01
      617.51,   4029.77,      6.72,     -0.59,      8.00,      0.01
      596.31,   4317.42,      4.90,     -1.93,      7.90,      0.01
      575.52,   4609.31,      3.29,     -3.38,      7.80,      0.01
      555.17,   4903.53,      1.62,     -5.03,      7.70,      0.01
      535.23,   5199.19,     -0.21,     -6.88,      7.60,      0.01
      515.72,   5496.56,     -2.15,     -8.87,      7.50,      0.01
      496.63,   5796.15,     -4.15,    -10.91,      7.40,      0.01
      477.96,   6097.82,     -6.22,    -13.00,      7.30,      0.01
      459.71,   6404.39,     -8.10,    -15.16,      7.20,      0.01
      441.88,   6713.46,    -10.03,    -17.34,      7.10,      0.01
      424.47,   7025.05,    -12.02,    -19.50,      7.00,      0.01
      407.47,   7339.49,    -14.03,    -21.84,      6.90,      0.01
      390.89,   7656.28,    -16.10,    -24.39,      6.80,      0.01
      374.72,   7975.65,    -18.22,    -26.97,      6.70,      0.01
      358.97,   8297.54,    -20.40,    -29.61,      6.60,      0.01
      343.62,   8621.85,    -22.64,    -32.14,      6.50,      0.01
      328.68,   8949.05,    -24.91,    -34.52,      6.40,      0.01
      314.14,   9278.44,    -27.25,    -36.93,      6.30,      0.01
      300.00,   9611.22,    -29.60,    -39.32,      6.20,      0.01
      286.26,   9946.41,    -32.01,    -41.71,      6.10,      0.01
      272.92,  10283.59,    -34.50,    -44.24,      6.00,      0.01
      259.97,  10623.83,    -37.02,    -46.91,      5.90,      0.01
      247.41,  10967.57,    -39.54,    -49.57,      5.80,      0.01
      235.23,  11313.77,    -42.13,    -52.30,      5.70,      0.01
      223.44,  11664.18,    -44.70,    -55.15,      5.60,      0.01
      212.03,  12016.05,    -47.39,    -58.09,      5.50,      0.01
      200.99,  12368.05,    -50.23,    -61.11,      5.40,      0.01
      190.32,  12720.04,    -53.24,    -64.19,      5.30,      0.01
      180.02,  13068.56,    -56.54,    -67.27,      5.20,      0.01
      170.08,  13418.39,    -59.92,    -70.26,      5.10,      0.01
      160.50,  13771.38,    -63.31,    -73.14,      5.00,      0.01
      151.27,  14129.35,    -66.65,    -75.91,      4.90,      0.01
      142.38,  14492.73,    -69.94,    -78.55,      4.80,      0.01
      133.85,  14866.74,    -73.00,    -80.97,      4.70,      0.01
      125.65,  15254.38,    -75.76,    -83.08,      4.60,      0.01
      117.78,  15655.47,    -78.27,    -84.99,      4.50,      0.01
      110.24,  16070.36,    -80.55,    -86.91,      4.40,      0.01
      103.02,  16511.97,    -82.22,    -88.39,      4.30,      0.01
       96.11,  16991.22,    -83.05,    -89.00,      4.20,      0.01
       89.52,  17504.03,    -83.22,    -89.24,      4.10,      0.01
       83.23,  18075.83,    -82.11,    -89.48,      4.00,      0.01
       77.24,  18704.63,    -79.90,    -89.73,      3.90,      0.01
       71.54,  19371.17,    -77.21,    -89.95,      3.80,      0.01
       66.13,  20060.17,    -74.48,    -90.11,      3.70,      0.01
       60.99,  20765.82,    -71.90,    -90.24,      3.60,      0.01
       56.13,  21481.65,    -69.62,    -90.37,      3.50,      0.01
       51.53,  22219.28,    -67.37,    -90.51,      3.40,      0.01
       47.19,  22966.00,    -65.48,    -90.75,      3.30,      0.01
       43.10,  23731.81,    -63.71,    -91.12,      3.20,      0.01
       39.26,  24509.89,    -62.23,    -91.51,      3.10,      0.01
       35.65,  25309.44,    -60.86,    -91.92,      3.00,      0.01
       32.27,  26146.47,    -59.29,    -92.39,      2.90,      0.01
       29.12,  27019.40,    -57.61,    -92.94,      2.80,      0.01
       26.18,  27928.58,    -55.86,    -93.52,      2.70,      0.01
       23.45,  28875.59,    -54.05,    -94.11,      2.60,      0.01
       20.92,  29850.47,    -52.40,    -94.68,      2.50,      0.01
       18.58,  30863.33,    -50.77,    -95.24,      2.40,      0.01
       16.43,  31917.93,    -49.14,    -95.82,      2.30,      0.01
       14.46,  33012.12,    -47.60,    -96.42,      2.20,      0.01
       12.65,  34163.72,    -45.91,    -97.06,      2.10,      0.01
       11.00,  35378.08,    -44.06,    -97.73,      2.00,      0.01
        9.51,  36636.09,    -42.43,    -98.44,      1.90,      0.01
        8.17,  37965.07,    -40.66,    -99.20,      1.80,      0.01
        6.96,  39408.06,    -38.26,    -99.98,      1.70,      0.01
        5.88,  40963.83,    -35.39,   -100.80,      1.60,      0.01
        4.92,  42689.14,    -31.48,   -101.65,      1.50,      0.01
        4.08,  44594.39,    -26.61,   -102.54,      1.40,      0.01
        3.34,  46705.37,    -20.72,   -103.44,      1.30,      0.01
        2.70,  48959.96,    -14.80,   -104.31,      1.20,      0.01
        2.15,  51231.99,    -10.46,   -105.22,      1.10,      0.01
        1.69,  53565.79,     -7.28,   -106.22,      1.00,      0.01
        1.30,  56006.33,     -4.91,   -107.35,      0.90,      0.01
        0.98,  58387.07,     -5.18,   -108.62,      0.80,      0.01
        0.71,  60761.34,     -7.62,   -110.01,      0.70,      0.01
        0.51,  63061.83,    -12.92,   -111.57,      0.60,      0.01
        0.35,  65224.73,    -21.71,   -113.45,      0.50,      0.01
        0.22,  67389.14,    -32.89,   -115.53,      0.40,      0.01
        0.14,  69956.87,    -43.64,   -117.67,      0.30,      0.01
        0.08,  72879.85,    -55.40,   -120.04,      0.20,      0.01
        0.04,  76957.86,    -63.97,   -122.88,      0.10,      0.01
        0.02,  83483.13,    -64.37,   -126.38,      0.00,      0.01
%END%
