%TITLE%
STC 190425/175647 0.11,-72.08

       LEVEL       HGHT       TEMP       DWPT       WDIR       WSPD
-------------------------------------------------------------------
%RAW%
      988.55,      0.00,     27.67,     10.72,      9.50,      0.01
      958.59,    270.15,     23.04,     12.25,      9.40,      0.01
      931.52,    519.09,     20.07,     12.56,      9.30,      0.01
      904.87,    768.98,     17.04,     13.22,      9.20,      0.01
      878.62,   1019.13,     13.58,     13.58,      9.10,      0.01
      852.79,   1275.93,     12.85,     12.85,      9.00,      0.01
      827.37,   1533.72,     11.35,     11.35,      8.90,      0.01
      802.37,   1793.05,      9.56,      9.56,      8.80,      0.01
      777.79,   2060.69,      9.50,      9.50,      8.70,      0.01
      753.63,   2319.63,      6.42,      6.42,      8.60,      0.01
      729.89,   2592.58,      6.26,      6.26,      8.50,      0.01
      706.57,   2861.52,      4.67,      4.67,      8.40,      0.01
      683.67,   3135.71,      3.76,      3.76,      8.30,      0.01
      661.19,   3413.21,      2.85,      2.85,      8.20,      0.01
      639.14,   3693.86,      1.92,      1.92,      8.10,      0.01
      617.51,   3976.84,      0.87,      0.87,      8.00,      0.01
      596.31,   4265.47,      0.21,      0.21,      7.90,      0.01
      575.52,   4554.09,     -0.89,     -1.89,      7.80,      0.01
      555.17,   4848.30,     -1.73,     -5.80,      7.70,      0.01
      535.23,   5148.47,     -2.34,     -9.99,      7.60,      0.01
      515.72,   5454.18,     -2.84,    -13.74,      7.50,      0.01
      496.63,   5763.73,     -3.42,    -16.70,      7.40,      0.01
      477.96,   6075.59,     -4.19,    -19.63,      7.30,      0.01
      459.71,   6388.72,     -5.24,    -22.55,      7.20,      0.01
      441.88,   6704.55,     -6.41,    -25.31,      7.10,      0.01
      424.47,   7023.63,     -7.64,    -27.82,      7.00,      0.01
      407.47,   7341.76,     -9.27,    -29.46,      6.90,      0.01
      390.89,   7660.86,    -11.11,    -30.26,      6.80,      0.01
      374.72,   7981.20,    -13.11,    -31.11,      6.70,      0.01
      358.97,   8302.75,    -15.26,    -32.19,      6.60,      0.01
      343.62,   8624.96,    -17.58,    -33.29,      6.50,      0.01
      328.68,   8947.92,    -20.05,    -34.35,      6.40,      0.01
      314.14,   9270.76,    -22.71,    -36.15,      6.30,      0.01
      300.00,   9602.85,    -25.00,    -38.61,      6.20,      0.01
      286.26,   9935.60,    -27.45,    -41.10,      6.10,      0.01
      272.92,  10262.16,    -30.42,    -43.69,      6.00,      0.01
      259.97,  10586.44,    -33.65,    -46.25,      5.90,      0.01
      247.41,  10901.45,    -37.47,    -48.77,      5.80,      0.01
      235.23,  11211.65,    -41.60,    -51.33,      5.70,      0.01
      223.44,  11512.99,    -46.21,    -54.02,      5.60,      0.01
      212.03,  11810.31,    -51.03,    -56.86,      5.50,      0.01
      200.99,  12113.48,    -55.62,    -59.87,      5.40,      0.01
      190.32,  12421.09,    -60.06,    -63.02,      5.30,      0.01
      180.02,  12761.90,    -63.22,    -66.25,      5.20,      0.01
      170.08,  13110.58,    -66.21,    -69.40,      5.10,      0.01
      160.50,  13476.92,    -68.67,    -72.40,      5.00,      0.01
      151.27,  13855.88,    -70.86,    -75.35,      4.90,      0.01
      142.38,  14245.51,    -72.87,    -78.19,      4.80,      0.01
      133.85,  14638.23,    -74.99,    -80.84,      4.70,      0.01
      125.65,  15042.05,    -76.95,    -83.22,      4.60,      0.01
      117.78,  15456.31,    -78.79,    -85.32,      4.50,      0.01
      110.24,  15884.15,    -80.44,    -87.31,      4.40,      0.01
      103.02,  16337.31,    -81.56,    -88.86,      4.30,      0.01
       96.11,  16822.44,    -82.03,    -89.42,      4.20,      0.01
       89.52,  17338.16,    -81.95,    -89.57,      4.10,      0.01
       83.23,  17896.12,    -81.07,    -89.71,      4.00,      0.01
       77.24,  18503.83,    -79.26,    -89.86,      3.90,      0.01
       71.54,  19153.93,    -76.82,    -90.00,      3.80,      0.01
       66.13,  19838.55,    -74.03,    -90.11,      3.70,      0.01
       60.99,  20538.01,    -71.41,    -90.23,      3.60,      0.01
       56.13,  21241.14,    -69.26,    -90.34,      3.50,      0.01
       51.53,  21966.18,    -67.13,    -90.46,      3.40,      0.01
       47.19,  22705.55,    -65.21,    -90.69,      3.30,      0.01
       43.10,  23467.74,    -63.34,    -91.05,      3.20,      0.01
       39.26,  24249.97,    -61.59,    -91.44,      3.10,      0.01
       35.65,  25043.21,    -60.17,    -91.84,      3.00,      0.01
       32.27,  25859.13,    -58.85,    -92.31,      2.90,      0.01
       29.12,  26699.79,    -57.62,    -92.84,      2.80,      0.01
       26.18,  27570.65,    -56.39,    -93.40,      2.70,      0.01
       23.45,  28475.35,    -55.14,    -93.97,      2.60,      0.01
       20.92,  29432.31,    -53.58,    -94.51,      2.50,      0.01
       18.58,  30442.27,    -51.76,    -95.05,      2.40,      0.01
       16.43,  31494.81,    -49.94,    -95.60,      2.30,      0.01
       14.46,  32567.44,    -48.52,    -96.19,      2.20,      0.01
       12.65,  33698.53,    -46.92,    -96.82,      2.10,      0.01
       11.00,  34893.61,    -45.13,    -97.48,      2.00,      0.01
        9.51,  36232.32,    -42.06,    -98.19,      1.90,      0.01
        8.17,  37651.27,    -38.81,    -98.95,      1.80,      0.01
        6.96,  39123.71,    -35.85,    -99.74,      1.70,      0.01
        5.88,  40680.04,    -32.83,   -100.56,      1.60,      0.01
        4.92,  42388.85,    -28.99,   -101.42,      1.50,      0.01
        4.08,  44243.03,    -24.62,   -102.30,      1.40,      0.01
        3.34,  46265.88,    -19.63,   -103.18,      1.30,      0.01
        2.70,  48405.33,    -14.84,   -104.04,      1.20,      0.01
        2.15,  50522.03,    -11.99,   -104.93,      1.10,      0.01
        1.69,  52735.53,     -9.78,   -105.93,      1.00,      0.01
        1.30,  55245.83,     -6.33,   -107.06,      0.90,      0.01
        0.98,  57645.97,     -6.08,   -108.34,      0.80,      0.01
        0.71,  60042.11,     -7.98,   -109.73,      0.70,      0.01
        0.51,  62359.95,    -12.80,   -111.28,      0.60,      0.01
        0.35,  64502.34,    -21.44,   -113.15,      0.50,      0.01
        0.22,  66584.66,    -32.95,   -115.22,      0.40,      0.01
        0.14,  69027.95,    -44.29,   -117.36,      0.30,      0.01
        0.08,  71829.24,    -56.47,   -119.74,      0.20,      0.01
        0.04,  75857.27,    -64.84,   -122.58,      0.10,      0.01
        0.02,  82393.26,    -64.57,   -126.13,      0.00,      0.01
%END%
