%TITLE%
STC 190425/175647 3.15,-60.32

       LEVEL       HGHT       TEMP       DWPT       WDIR       WSPD
-------------------------------------------------------------------
%RAW%
      993.65,      0.00,     34.53,     18.39,      9.60,      0.01
      986.07,     69.27,     32.06,     18.77,      9.50,      0.01
      958.59,    323.03,     28.76,     19.31,      9.40,      0.01
      931.52,    577.12,     25.04,     19.22,      9.30,      0.01
      904.87,    832.98,     22.41,     18.67,      9.20,      0.01
      878.62,   1090.54,     20.06,     17.76,      9.10,      0.01
      852.79,   1349.23,     17.60,     16.53,      9.00,      0.01
      827.37,   1611.34,     15.93,     15.04,      8.90,      0.01
      802.37,   1877.75,     14.97,     13.34,      8.80,      0.01
      777.79,   2146.91,     14.02,     11.43,      8.70,      0.01
      753.63,   2419.68,     13.26,      9.40,      8.60,      0.01
      729.89,   2694.82,     12.34,      7.29,      8.50,      0.01
      706.57,   2972.47,     11.30,      5.21,      8.40,      0.01
      683.67,   3253.83,     10.36,      3.35,      8.30,      0.01
      661.19,   3536.47,      9.09,      1.67,      8.20,      0.01
      639.14,   3818.23,      7.21,      0.04,      8.10,      0.01
      617.51,   4102.10,      5.28,     -1.49,      8.00,      0.01
      596.31,   4390.77,      3.65,     -2.89,      7.90,      0.01
      575.52,   4684.08,      2.25,     -4.29,      7.80,      0.01
      555.17,   4980.80,      0.88,     -5.77,      7.70,      0.01
      535.23,   5278.69,     -0.71,     -7.47,      7.60,      0.01
      515.72,   5576.77,     -2.59,     -9.42,      7.50,      0.01
      496.63,   5876.86,     -4.55,    -11.57,      7.40,      0.01
      477.96,   6180.71,     -6.42,    -13.87,      7.30,      0.01
      459.71,   6490.91,     -8.00,    -16.25,      7.20,      0.01
      441.88,   6805.07,     -9.54,    -18.57,      7.10,      0.01
      424.47,   7121.70,    -11.18,    -20.81,      7.00,      0.01
      407.47,   7441.71,    -12.84,    -23.10,      6.90,      0.01
      390.89,   7762.71,    -14.69,    -25.53,      6.80,      0.01
      374.72,   8085.62,    -16.66,    -28.05,      6.70,      0.01
      358.97,   8410.62,    -18.72,    -30.65,      6.60,      0.01
      343.62,   8735.62,    -21.01,    -33.52,      6.50,      0.01
      328.68,   9060.97,    -23.49,    -36.67,      6.40,      0.01
      314.14,   9386.77,    -26.12,    -39.50,      6.30,      0.01
      300.00,   9711.93,    -28.98,    -41.95,      6.20,      0.01
      286.26,  10036.87,    -32.00,    -44.31,      6.10,      0.01
      272.92,  10362.33,    -35.14,    -46.54,      6.00,      0.01
      259.97,  10687.87,    -38.41,    -48.65,      5.90,      0.01
      247.41,  11019.52,    -41.51,    -50.83,      5.80,      0.01
      235.23,  11354.39,    -44.59,    -53.20,      5.70,      0.01
      223.44,  11701.16,    -47.27,    -55.79,      5.60,      0.01
      212.03,  12059.13,    -49.62,    -58.53,      5.50,      0.01
      200.99,  12425.23,    -51.81,    -61.38,      5.40,      0.01
      190.32,  12795.96,    -54.02,    -64.36,      5.30,      0.01
      180.02,  13162.53,    -56.59,    -67.39,      5.20,      0.01
      170.08,  13530.95,    -59.27,    -70.46,      5.10,      0.01
      160.50,  13899.26,    -62.13,    -73.57,      5.00,      0.01
      151.27,  14270.56,    -65.04,    -76.64,      4.90,      0.01
      142.38,  14645.03,    -68.00,    -79.56,      4.80,      0.01
      133.85,  15022.17,    -71.04,    -82.09,      4.70,      0.01
      125.65,  15411.86,    -73.82,    -84.01,      4.60,      0.01
      117.78,  15809.39,    -76.52,    -85.78,      4.50,      0.01
      110.24,  16213.37,    -79.22,    -87.75,      4.40,      0.01
      103.02,  16643.31,    -81.31,    -89.23,      4.30,      0.01
       96.11,  17119.96,    -82.27,    -89.83,      4.20,      0.01
       89.52,  17634.77,    -82.44,    -90.06,      4.10,      0.01
       83.23,  18198.77,    -81.61,    -90.29,      4.00,      0.01
       77.24,  18817.02,    -79.73,    -90.53,      3.90,      0.01
       71.54,  19466.21,    -77.54,    -90.74,      3.80,      0.01
       66.13,  20140.94,    -75.21,    -90.90,      3.70,      0.01
       60.99,  20830.44,    -73.04,    -91.04,      3.60,      0.01
       56.13,  21543.58,    -70.83,    -91.17,      3.50,      0.01
       51.53,  22287.78,    -68.44,    -91.31,      3.40,      0.01
       47.19,  23051.87,    -66.16,    -91.56,      3.30,      0.01
       43.10,  23837.09,    -63.99,    -91.92,      3.20,      0.01
       39.26,  24622.99,    -62.37,    -92.32,      3.10,      0.01
       35.65,  25420.27,    -61.08,    -92.73,      3.00,      0.01
       32.27,  26263.81,    -59.41,    -93.20,      2.90,      0.01
       29.12,  27162.29,    -57.27,    -93.75,      2.80,      0.01
       26.18,  28096.62,    -55.09,    -94.33,      2.70,      0.01
       23.45,  29067.01,    -52.91,    -94.91,      2.60,      0.01
       20.92,  30037.01,    -51.42,    -95.48,      2.50,      0.01
       18.58,  31038.53,    -50.05,    -96.04,      2.40,      0.01
       16.43,  32075.38,    -48.78,    -96.62,      2.30,      0.01
       14.46,  33174.78,    -47.20,    -97.23,      2.20,      0.01
       12.65,  34311.27,    -45.80,    -97.86,      2.10,      0.01
       11.00,  35487.58,    -44.57,    -98.53,      2.00,      0.01
        9.51,  36728.98,    -43.20,    -99.24,      1.90,      0.01
        8.17,  38058.90,    -41.44,   -100.00,      1.80,      0.01
        6.96,  39485.74,    -39.27,   -100.79,      1.70,      0.01
        5.88,  41020.68,    -36.70,   -101.60,      1.60,      0.01
        4.92,  42768.94,    -32.48,   -102.45,      1.50,      0.01
        4.08,  44721.09,    -27.05,   -103.35,      1.40,      0.01
        3.34,  46901.12,    -20.36,   -104.24,      1.30,      0.01
        2.70,  49226.84,    -13.68,   -105.12,      1.20,      0.01
        2.15,  51549.39,     -8.87,   -106.03,      1.10,      0.01
        1.69,  53931.66,     -5.28,   -107.02,      1.00,      0.01
        1.30,  56299.65,     -3.78,   -108.15,      0.90,      0.01
        0.98,  58617.38,     -4.77,   -109.43,      0.80,      0.01
        0.71,  60953.70,     -7.63,   -110.81,      0.70,      0.01
        0.51,  63239.24,    -13.11,   -112.37,      0.60,      0.01
        0.35,  65392.44,    -22.02,   -114.25,      0.50,      0.01
        0.22,  67548.34,    -33.30,   -116.32,      0.40,      0.01
        0.14,  70108.02,    -44.14,   -118.46,      0.30,      0.01
        0.08,  73024.08,    -55.98,   -120.83,      0.20,      0.01
        0.04,  77099.34,    -64.60,   -123.66,      0.10,      0.01
        0.02,  83625.00,    -65.03,   -127.15,      0.00,      0.01
%END%
