%TITLE%
STC 190425/175647 0.23,-74.22

       LEVEL       HGHT       TEMP       DWPT       WDIR       WSPD
-------------------------------------------------------------------
%RAW%
      993.73,      0.00,     22.22,     13.43,      9.60,      0.01
      986.07,     67.62,     24.67,     15.51,      9.50,      0.01
      958.59,    313.09,     22.14,     15.88,      9.40,      0.01
      931.52,    560.14,     19.93,     15.96,      9.30,      0.01
      904.87,    808.57,     17.64,     15.60,      9.20,      0.01
      878.62,   1060.34,     16.42,     14.83,      9.10,      0.01
      852.79,   1314.95,     15.39,     14.14,      9.00,      0.01
      827.37,   1573.33,     14.74,     13.66,      8.90,      0.01
      802.37,   1835.54,     14.34,     13.19,      8.80,      0.01
      777.79,   2100.44,     13.75,     12.76,      8.70,      0.01
      753.63,   2369.12,     13.30,     12.24,      8.60,      0.01
      729.89,   2637.97,     12.15,     11.57,      8.50,      0.01
      706.57,   2913.38,     11.84,     10.10,      8.40,      0.01
      683.67,   3188.97,     10.98,      7.87,      8.30,      0.01
      661.19,   3465.03,      9.67,      5.66,      8.20,      0.01
      639.14,   3742.54,      8.15,      3.48,      8.10,      0.01
      617.51,   4020.31,      6.29,      1.03,      8.00,      0.01
      596.31,   4306.50,      5.26,     -1.82,      7.90,      0.01
      575.52,   4594.80,      4.07,     -4.84,      7.80,      0.01
      555.17,   4884.91,      2.72,     -8.14,      7.70,      0.01
      535.23,   5176.26,      1.15,    -11.83,      7.60,      0.01
      515.72,   5468.80,     -0.65,    -14.83,      7.50,      0.01
      496.63,   5763.69,     -2.54,    -16.71,      7.40,      0.01
      477.96,   6058.84,     -4.66,    -18.60,      7.30,      0.01
      459.71,   6357.14,     -6.75,    -20.53,      7.20,      0.01
      441.88,   6657.14,     -8.93,    -22.49,      7.10,      0.01
      424.47,   6959.34,    -11.15,    -24.51,      7.00,      0.01
      407.47,   7263.50,    -13.44,    -26.00,      6.90,      0.01
      390.89,   7570.15,    -15.77,    -26.92,      6.80,      0.01
      374.72,   7879.53,    -18.09,    -28.07,      6.70,      0.01
      358.97,   8191.31,    -20.45,    -29.49,      6.60,      0.01
      343.62,   8507.12,    -22.73,    -31.55,      6.50,      0.01
      328.68,   8827.01,    -24.94,    -34.24,      6.40,      0.01
      314.14,   9150.01,    -27.18,    -37.17,      6.30,      0.01
      300.00,   9477.60,    -29.34,    -40.37,      6.20,      0.01
      286.26,   9807.87,    -31.56,    -43.61,      6.10,      0.01
      272.92,  10139.38,    -33.91,    -46.69,      6.00,      0.01
      259.97,  10472.19,    -36.38,    -49.43,      5.90,      0.01
      247.41,  10802.46,    -39.15,    -52.07,      5.80,      0.01
      235.23,  11133.90,    -42.02,    -54.68,      5.70,      0.01
      223.44,  11464.37,    -45.09,    -57.33,      5.60,      0.01
      212.03,  11797.66,    -48.16,    -60.03,      5.50,      0.01
      200.99,  12135.61,    -51.17,    -62.79,      5.40,      0.01
      190.32,  12476.57,    -54.19,    -65.61,      5.30,      0.01
      180.02,  12817.45,    -57.36,    -68.46,      5.20,      0.01
      170.08,  13160.15,    -60.59,    -71.28,      5.10,      0.01
      160.50,  13504.93,    -63.88,    -74.07,      5.00,      0.01
      151.27,  13857.57,    -67.00,    -76.78,      4.90,      0.01
      142.38,  14216.29,    -70.05,    -79.31,      4.80,      0.01
      133.85,  14585.76,    -72.88,    -81.63,      4.70,      0.01
      125.65,  14966.34,    -75.51,    -83.75,      4.60,      0.01
      117.78,  15362.44,    -77.81,    -85.73,      4.50,      0.01
      110.24,  15772.33,    -79.89,    -87.69,      4.40,      0.01
      103.02,  16206.42,    -81.45,    -89.17,      4.30,      0.01
       96.11,  16671.81,    -82.34,    -89.68,      4.20,      0.01
       89.52,  17168.77,    -82.64,    -89.76,      4.10,      0.01
       83.23,  17724.45,    -81.64,    -89.85,      4.00,      0.01
       77.24,  18333.83,    -79.62,    -89.95,      3.90,      0.01
       71.54,  18981.89,    -77.08,    -90.06,      3.80,      0.01
       66.13,  19665.87,    -74.15,    -90.18,      3.70,      0.01
       60.99,  20371.94,    -71.22,    -90.30,      3.60,      0.01
       56.13,  21102.94,    -68.27,    -90.42,      3.50,      0.01
       51.53,  21857.33,    -65.34,    -90.55,      3.40,      0.01
       47.19,  22599.03,    -63.28,    -90.78,      3.30,      0.01
       43.10,  23346.56,    -61.63,    -91.14,      3.20,      0.01
       39.26,  24099.74,    -60.40,    -91.54,      3.10,      0.01
       35.65,  24872.08,    -59.30,    -91.95,      3.00,      0.01
       32.27,  25681.74,    -57.98,    -92.41,      2.90,      0.01
       29.12,  26527.33,    -56.52,    -92.95,      2.80,      0.01
       26.18,  27402.37,    -55.10,    -93.52,      2.70,      0.01
       23.45,  28309.58,    -53.69,    -94.09,      2.60,      0.01
       20.92,  29244.52,    -52.41,    -94.65,      2.50,      0.01
       18.58,  30213.97,    -51.17,    -95.19,      2.40,      0.01
       16.43,  31234.79,    -49.74,    -95.75,      2.30,      0.01
       14.46,  32307.05,    -48.17,    -96.35,      2.20,      0.01
       12.65,  33442.53,    -46.36,    -96.98,      2.10,      0.01
       11.00,  34647.38,    -44.28,    -97.64,      2.00,      0.01
        9.51,  35917.37,    -42.09,    -98.36,      1.90,      0.01
        8.17,  37256.45,    -39.81,    -99.12,      1.80,      0.01
        6.96,  38700.90,    -37.04,    -99.92,      1.70,      0.01
        5.88,  40253.85,    -33.86,   -100.75,      1.60,      0.01
        4.92,  41970.13,    -29.72,   -101.61,      1.50,      0.01
        4.08,  43851.17,    -24.82,   -102.51,      1.40,      0.01
        3.34,  45883.35,    -19.53,   -103.39,      1.30,      0.01
        2.70,  48039.95,    -14.37,   -104.26,      1.20,      0.01
        2.15,  50238.54,    -10.43,   -105.16,      1.10,      0.01
        1.69,  52518.43,     -7.37,   -106.16,      1.00,      0.01
        1.30,  54923.84,     -4.89,   -107.30,      0.90,      0.01
        0.98,  57273.17,     -4.98,   -108.60,      0.80,      0.01
        0.71,  59607.97,     -7.29,   -109.99,      0.70,      0.01
        0.51,  61876.55,    -12.34,   -111.55,      0.60,      0.01
        0.35,  63981.77,    -21.08,   -113.43,      0.50,      0.01
        0.22,  66035.00,    -32.57,   -115.51,      0.40,      0.01
        0.14,  68453.29,    -43.82,   -117.67,      0.30,      0.01
        0.08,  71229.39,    -55.88,   -120.06,      0.20,      0.01
        0.04,  75228.11,    -64.13,   -122.91,      0.10,      0.01
        0.02,  81730.04,    -63.72,   -126.47,      0.00,      0.01
%END%
