%TITLE%
STC 190425/175647 0.87,-70.6

       LEVEL       HGHT       TEMP       DWPT       WDIR       WSPD
-------------------------------------------------------------------
%RAW%
      986.16,      0.00,     27.02,     20.66,      9.50,      0.01
      958.59,    249.63,     23.15,     19.61,      9.40,      0.01
      931.52,    501.15,     22.48,     18.25,      9.30,      0.01
      904.87,    754.43,     21.01,     16.97,      9.20,      0.01
      878.62,   1010.21,     19.77,     15.60,      9.10,      0.01
      852.79,   1267.21,     17.99,     14.12,      9.00,      0.01
      827.37,   1527.85,     16.87,     12.64,      8.90,      0.01
      802.37,   1791.79,     15.99,     11.11,      8.80,      0.01
      777.79,   2058.06,     14.96,      9.56,      8.70,      0.01
      753.63,   2327.37,     13.98,      8.00,      8.60,      0.01
      729.89,   2597.25,     12.48,      6.39,      8.50,      0.01
      706.57,   2870.21,     11.10,      4.83,      8.40,      0.01
      683.67,   3144.88,      9.52,      3.32,      8.30,      0.01
      661.19,   3423.44,      8.18,      1.85,      8.20,      0.01
      639.14,   3698.93,      5.90,      0.42,      8.10,      0.01
      617.51,   3978.72,      3.95,     -0.98,      8.00,      0.01
      596.31,   4264.15,      2.45,     -2.43,      7.90,      0.01
      575.52,   4556.00,      1.41,     -4.00,      7.80,      0.01
      555.17,   4849.53,      0.16,     -5.76,      7.70,      0.01
      535.23,   5144.51,     -1.29,     -7.76,      7.60,      0.01
      515.72,   5441.30,     -2.87,     -9.94,      7.50,      0.01
      496.63,   5740.47,     -4.53,    -12.18,      7.40,      0.01
      477.96,   6042.11,     -6.26,    -14.39,      7.30,      0.01
      459.71,   6348.49,     -7.84,    -16.64,      7.20,      0.01
      441.88,   6656.73,     -9.56,    -18.90,      7.10,      0.01
      424.47,   6967.28,    -11.36,    -21.12,      7.00,      0.01
      407.47,   7280.20,    -13.24,    -23.41,      6.90,      0.01
      390.89,   7595.05,    -15.23,    -25.76,      6.80,      0.01
      374.72,   7912.08,    -17.29,    -28.09,      6.70,      0.01
      358.97,   8231.39,    -19.43,    -30.44,      6.60,      0.01
      343.62,   8552.33,    -21.68,    -32.70,      6.50,      0.01
      328.68,   8875.12,    -24.02,    -34.87,      6.40,      0.01
      314.14,   9199.50,    -26.45,    -37.23,      6.30,      0.01
      300.00,   9525.40,    -28.99,    -39.79,      6.20,      0.01
      286.26,   9852.86,    -31.61,    -42.40,      6.10,      0.01
      272.92,  10181.00,    -34.38,    -45.16,      6.00,      0.01
      259.97,  10510.59,    -37.22,    -48.00,      5.90,      0.01
      247.41,  10844.03,    -40.03,    -50.83,      5.80,      0.01
      235.23,  11179.92,    -42.88,    -53.66,      5.70,      0.01
      223.44,  11520.84,    -45.65,    -56.56,      5.60,      0.01
      212.03,  11866.66,    -48.36,    -59.50,      5.50,      0.01
      200.99,  12215.17,    -51.12,    -62.48,      5.40,      0.01
      190.32,  12567.12,    -53.90,    -65.50,      5.30,      0.01
      180.02,  12918.88,    -56.85,    -68.52,      5.20,      0.01
      170.08,  13272.87,    -59.86,    -71.44,      5.10,      0.01
      160.50,  13628.44,    -62.96,    -74.18,      5.00,      0.01
      151.27,  13987.46,    -66.08,    -76.75,      4.90,      0.01
      142.38,  14350.16,    -69.21,    -79.13,      4.80,      0.01
      133.85,  14718.59,    -72.30,    -81.33,      4.70,      0.01
      125.65,  15100.14,    -75.10,    -83.33,      4.60,      0.01
      117.78,  15499.93,    -77.49,    -85.27,      4.50,      0.01
      110.24,  15914.53,    -79.61,    -87.27,      4.40,      0.01
      103.02,  16352.85,    -81.23,    -88.78,      4.30,      0.01
       96.11,  16825.12,    -82.11,    -89.33,      4.20,      0.01
       89.52,  17328.79,    -82.39,    -89.47,      4.10,      0.01
       83.23,  17885.01,    -81.56,    -89.61,      4.00,      0.01
       77.24,  18494.20,    -79.71,    -89.76,      3.90,      0.01
       71.54,  19143.55,    -77.30,    -89.90,      3.80,      0.01
       66.13,  19827.37,    -74.53,    -90.03,      3.70,      0.01
       60.99,  20529.50,    -71.85,    -90.15,      3.60,      0.01
       56.13,  21241.33,    -69.49,    -90.27,      3.50,      0.01
       51.53,  21972.29,    -67.24,    -90.40,      3.40,      0.01
       47.19,  22708.88,    -65.40,    -90.63,      3.30,      0.01
       43.10,  23460.45,    -63.77,    -90.99,      3.20,      0.01
       39.26,  24227.92,    -62.34,    -91.39,      3.10,      0.01
       35.65,  25016.20,    -61.02,    -91.79,      3.00,      0.01
       32.27,  25844.15,    -59.45,    -92.26,      2.90,      0.01
       29.12,  26709.62,    -57.74,    -92.80,      2.80,      0.01
       26.18,  27613.19,    -55.91,    -93.37,      2.70,      0.01
       23.45,  28556.08,    -53.99,    -93.94,      2.60,      0.01
       20.92,  29523.16,    -52.30,    -94.50,      2.50,      0.01
       18.58,  30522.37,    -50.73,    -95.04,      2.40,      0.01
       16.43,  31569.17,    -49.05,    -95.60,      2.30,      0.01
       14.46,  32661.24,    -47.36,    -96.20,      2.20,      0.01
       12.65,  33799.87,    -45.70,    -96.83,      2.10,      0.01
       11.00,  34989.00,    -44.06,    -97.49,      2.00,      0.01
        9.51,  36245.67,    -42.25,    -98.20,      1.90,      0.01
        8.17,  37586.14,    -40.13,    -98.96,      1.80,      0.01
        6.96,  39025.77,    -37.60,    -99.76,      1.70,      0.01
        5.88,  40570.88,    -34.70,   -100.58,      1.60,      0.01
        4.92,  42280.67,    -30.81,   -101.44,      1.50,      0.01
        4.08,  44157.81,    -26.11,   -102.33,      1.40,      0.01
        3.34,  46226.84,    -20.53,   -103.22,      1.30,      0.01
        2.70,  48422.90,    -15.08,   -104.08,      1.20,      0.01
        2.15,  50618.43,    -11.36,   -104.98,      1.10,      0.01
        1.69,  52887.62,     -8.60,   -105.98,      1.00,      0.01
        1.30,  55346.80,     -5.75,   -107.11,      0.90,      0.01
        0.98,  57733.25,     -5.68,   -108.40,      0.80,      0.01
        0.71,  60111.34,     -7.80,   -109.79,      0.70,      0.01
        0.51,  62412.55,    -12.81,   -111.35,      0.60,      0.01
        0.35,  64552.14,    -21.52,   -113.22,      0.50,      0.01
        0.22,  66649.29,    -32.94,   -115.30,      0.40,      0.01
        0.14,  69119.42,    -44.10,   -117.44,      0.30,      0.01
        0.08,  71948.45,    -56.14,   -119.83,      0.20,      0.01
        0.04,  75988.85,    -64.50,   -122.67,      0.10,      0.01
        0.02,  82524.89,    -64.31,   -126.22,      0.00,      0.01
%END%
