%TITLE%
STC 190425/175647 1.03,-69.68

       LEVEL       HGHT       TEMP       DWPT       WDIR       WSPD
-------------------------------------------------------------------
%RAW%
      994.70,      0.00,     28.81,     21.81,      9.60,      0.01
      986.07,     77.56,     27.12,     21.15,      9.50,      0.01
      958.59,    327.85,     25.26,     19.91,      9.40,      0.01
      931.52,    581.26,     24.82,     18.73,      9.30,      0.01
      904.87,    836.08,     23.22,     17.67,      9.20,      0.01
      878.62,   1092.53,     21.40,     16.48,      9.10,      0.01
      852.79,   1350.03,     19.24,     15.03,      9.00,      0.01
      827.37,   1611.18,     17.84,     13.43,      8.90,      0.01
      802.37,   1875.32,     16.65,     11.76,      8.80,      0.01
      777.79,   2141.37,     15.28,     10.02,      8.70,      0.01
      753.63,   2411.89,     14.40,      8.24,      8.60,      0.01
      729.89,   2682.70,     12.92,      6.42,      8.50,      0.01
      706.57,   2956.34,     11.48,      4.75,      8.40,      0.01
      683.67,   3231.79,      9.88,      3.30,      8.30,      0.01
      661.19,   3511.35,      8.53,      1.93,      8.20,      0.01
      639.14,   3788.82,      6.41,      0.66,      8.10,      0.01
      617.51,   4072.04,      4.79,     -0.45,      8.00,      0.01
      596.31,   4358.24,      3.20,     -1.49,      7.90,      0.01
      575.52,   4649.88,      1.94,     -2.67,      7.80,      0.01
      555.17,   4943.61,      0.57,     -4.13,      7.70,      0.01
      535.23,   5239.17,     -0.94,     -5.84,      7.60,      0.01
      515.72,   5536.63,     -2.58,     -7.79,      7.50,      0.01
      496.63,   5836.41,     -4.28,     -9.83,      7.40,      0.01
      477.96,   6138.71,     -6.04,    -11.88,      7.30,      0.01
      459.71,   6445.74,     -7.66,    -14.01,      7.20,      0.01
      441.88,   6754.66,     -9.40,    -16.18,      7.10,      0.01
      424.47,   7065.97,    -11.22,    -18.35,      7.00,      0.01
      407.47,   7379.94,    -13.09,    -20.63,      6.90,      0.01
      390.89,   7695.88,    -15.07,    -23.04,      6.80,      0.01
      374.72,   8014.03,    -17.12,    -25.51,      6.70,      0.01
      358.97,   8334.73,    -19.23,    -28.05,      6.60,      0.01
      343.62,   8657.21,    -21.44,    -30.68,      6.50,      0.01
      328.68,   8982.13,    -23.71,    -33.41,      6.40,      0.01
      314.14,   9308.37,    -26.10,    -36.28,      6.30,      0.01
      300.00,   9635.63,    -28.63,    -39.36,      6.20,      0.01
      286.26,   9964.16,    -31.26,    -42.48,      6.10,      0.01
      272.92,  10293.79,    -34.01,    -45.50,      6.00,      0.01
      259.97,  10624.76,    -36.85,    -48.33,      5.90,      0.01
      247.41,  10958.96,    -39.69,    -51.11,      5.80,      0.01
      235.23,  11295.38,    -42.58,    -53.88,      5.70,      0.01
      223.44,  11637.27,    -45.37,    -56.73,      5.60,      0.01
      212.03,  11984.69,    -48.07,    -59.66,      5.50,      0.01
      200.99,  12333.49,    -50.88,    -62.68,      5.40,      0.01
      190.32,  12685.55,    -53.71,    -65.80,      5.30,      0.01
      180.02,  13038.57,    -56.66,    -68.94,      5.20,      0.01
      170.08,  13393.81,    -59.68,    -71.99,      5.10,      0.01
      160.50,  13750.17,    -62.81,    -74.84,      5.00,      0.01
      151.27,  14107.88,    -66.03,    -77.49,      4.90,      0.01
      142.38,  14468.28,    -69.29,    -79.91,      4.80,      0.01
      133.85,  14835.19,    -72.48,    -82.14,      4.70,      0.01
      125.65,  15216.49,    -75.33,    -84.17,      4.60,      0.01
      117.78,  15617.56,    -77.72,    -86.11,      4.50,      0.01
      110.24,  16033.90,    -79.83,    -88.06,      4.40,      0.01
      103.02,  16473.88,    -81.45,    -89.54,      4.30,      0.01
       96.11,  16948.45,    -82.31,    -90.08,      4.20,      0.01
       89.52,  17454.23,    -82.58,    -90.22,      4.10,      0.01
       83.23,  18008.97,    -81.84,    -90.36,      4.00,      0.01
       77.24,  18617.40,    -80.08,    -90.50,      3.90,      0.01
       71.54,  19268.43,    -77.67,    -90.65,      3.80,      0.01
       66.13,  19951.39,    -74.98,    -90.77,      3.70,      0.01
       60.99,  20652.09,    -72.39,    -90.89,      3.60,      0.01
       56.13,  21370.42,    -69.93,    -91.01,      3.50,      0.01
       51.53,  22112.74,    -67.46,    -91.13,      3.40,      0.01
       47.19,  22860.60,    -65.42,    -91.36,      3.30,      0.01
       43.10,  23620.88,    -63.67,    -91.72,      3.20,      0.01
       39.26,  24389.70,    -62.27,    -92.11,      3.10,      0.01
       35.65,  25179.73,    -60.98,    -92.51,      3.00,      0.01
       32.27,  26011.03,    -59.41,    -92.97,      2.90,      0.01
       29.12,  26881.56,    -57.66,    -93.50,      2.80,      0.01
       26.18,  27786.50,    -55.87,    -94.06,      2.70,      0.01
       23.45,  28727.11,    -54.06,    -94.63,      2.60,      0.01
       20.92,  29684.04,    -52.61,    -95.18,      2.50,      0.01
       18.58,  30671.95,    -51.28,    -95.71,      2.40,      0.01
       16.43,  31711.96,    -49.76,    -96.27,      2.30,      0.01
       14.46,  32797.68,    -48.22,    -96.86,      2.20,      0.01
       12.65,  33927.42,    -46.73,    -97.48,      2.10,      0.01
       11.00,  35104.80,    -45.30,    -98.13,      2.00,      0.01
        9.51,  36364.32,    -43.48,    -98.84,      1.90,      0.01
        8.17,  37723.73,    -41.12,    -99.59,      1.80,      0.01
        6.96,  39195.11,    -38.19,   -100.37,      1.70,      0.01
        5.88,  40782.10,    -34.78,   -101.19,      1.60,      0.01
        4.92,  42552.51,    -30.18,   -102.03,      1.50,      0.01
        4.08,  44515.46,    -24.51,   -102.91,      1.40,      0.01
        3.34,  46666.60,    -18.07,   -103.79,      1.30,      0.01
        2.70,  48925.35,    -12.07,   -104.64,      1.20,      0.01
        2.15,  51083.16,     -8.96,   -105.53,      1.10,      0.01
        1.69,  53264.96,     -7.31,   -106.52,      1.00,      0.01
        1.30,  55679.98,     -5.04,   -107.64,      0.90,      0.01
        0.98,  58043.52,     -5.31,   -108.91,      0.80,      0.01
        0.71,  60411.09,     -7.63,   -110.29,      0.70,      0.01
        0.51,  62707.15,    -12.78,   -111.82,      0.60,      0.01
        0.35,  64848.62,    -21.55,   -113.68,      0.50,      0.01
        0.22,  66954.48,    -33.00,   -115.74,      0.40,      0.01
        0.14,  69438.53,    -44.15,   -117.86,      0.30,      0.01
        0.08,  72283.81,    -56.17,   -120.23,      0.20,      0.01
        0.04,  76339.92,    -64.55,   -123.04,      0.10,      0.01
        0.02,  82893.16,    -64.41,   -126.55,      0.00,      0.01
%END%
