%TITLE%
STC 190425/175647 1.66,-68.91

       LEVEL       HGHT       TEMP       DWPT       WDIR       WSPD
-------------------------------------------------------------------
%RAW%
      993.81,      0.00,     29.67,     22.00,      9.60,      0.01
      986.07,     69.85,     28.21,     21.38,      9.50,      0.01
      958.59,    320.97,     26.27,     20.08,      9.40,      0.01
      931.52,    574.95,     25.54,     19.06,      9.30,      0.01
      904.87,    830.82,     24.13,     18.23,      9.20,      0.01
      878.62,   1088.09,     22.26,     17.27,      9.10,      0.01
      852.79,   1345.83,     19.80,     16.06,      9.00,      0.01
      827.37,   1606.47,     17.91,     14.68,      8.90,      0.01
      802.37,   1870.65,     16.56,     13.15,      8.80,      0.01
      777.79,   2136.88,     15.11,     11.48,      8.70,      0.01
      753.63,   2407.89,     14.26,      9.68,      8.60,      0.01
      729.89,   2678.74,     12.71,      7.77,      8.50,      0.01
      706.57,   2952.46,     11.24,      5.90,      8.40,      0.01
      683.67,   3228.71,      9.74,      4.17,      8.30,      0.01
      661.19,   3509.47,      8.55,      2.51,      8.20,      0.01
      639.14,   3789.59,      6.78,      0.99,      8.10,      0.01
      617.51,   4075.96,      5.54,     -0.41,      8.00,      0.01
      596.31,   4363.06,      3.97,     -1.77,      7.90,      0.01
      575.52,   4652.88,      2.39,     -3.21,      7.80,      0.01
      555.17,   4945.27,      0.79,     -4.85,      7.70,      0.01
      535.23,   5240.30,     -0.85,     -6.69,      7.60,      0.01
      515.72,   5537.02,     -2.61,     -8.67,      7.50,      0.01
      496.63,   5835.50,     -4.50,    -10.68,      7.40,      0.01
      477.96,   6136.23,     -6.45,    -12.63,      7.30,      0.01
      459.71,   6441.01,     -8.30,    -14.62,      7.20,      0.01
      441.88,   6747.91,    -10.24,    -16.63,      7.10,      0.01
      424.47,   7057.41,    -12.21,    -18.67,      7.00,      0.01
      407.47,   7370.40,    -14.16,    -20.89,      6.90,      0.01
      390.89,   7686.26,    -16.13,    -23.32,      6.80,      0.01
      374.72,   8005.28,    -18.12,    -25.84,      6.70,      0.01
      358.97,   8327.37,    -20.14,    -28.43,      6.60,      0.01
      343.62,   8652.27,    -22.19,    -31.14,      6.50,      0.01
      328.68,   8979.64,    -24.32,    -33.96,      6.40,      0.01
      314.14,   9308.97,    -26.54,    -36.79,      6.30,      0.01
      300.00,   9639.83,    -28.88,    -39.68,      6.20,      0.01
      286.26,   9972.57,    -31.32,    -42.61,      6.10,      0.01
      272.92,  10306.61,    -33.86,    -45.45,      6.00,      0.01
      259.97,  10640.66,    -36.59,    -48.12,      5.90,      0.01
      247.41,  10976.31,    -39.40,    -50.72,      5.80,      0.01
      235.23,  11314.71,    -42.24,    -53.31,      5.70,      0.01
      223.44,  11659.56,    -44.94,    -55.99,      5.60,      0.01
      212.03,  12010.88,    -47.52,    -58.81,      5.50,      0.01
      200.99,  12364.84,    -50.15,    -61.77,      5.40,      0.01
      190.32,  12722.36,    -52.82,    -64.87,      5.30,      0.01
      180.02,  13077.88,    -55.73,    -68.01,      5.20,      0.01
      170.08,  13434.03,    -58.77,    -71.12,      5.10,      0.01
      160.50,  13787.35,    -62.07,    -74.11,      5.00,      0.01
      151.27,  14141.58,    -65.47,    -76.89,      4.90,      0.01
      142.38,  14496.95,    -68.96,    -79.41,      4.80,      0.01
      133.85,  14858.22,    -72.37,    -81.66,      4.70,      0.01
      125.65,  15233.15,    -75.47,    -83.68,      4.60,      0.01
      117.78,  15625.41,    -78.16,    -85.60,      4.50,      0.01
      110.24,  16031.24,    -80.62,    -87.55,      4.40,      0.01
      103.02,  16465.06,    -82.43,    -89.04,      4.30,      0.01
       96.11,  16939.75,    -83.28,    -89.60,      4.20,      0.01
       89.52,  17446.96,    -83.51,    -89.76,      4.10,      0.01
       83.23,  18006.67,    -82.64,    -89.93,      4.00,      0.01
       77.24,  18617.66,    -80.80,    -90.11,      3.90,      0.01
       71.54,  19266.58,    -78.46,    -90.27,      3.80,      0.01
       66.13,  19946.88,    -75.84,    -90.41,      3.70,      0.01
       60.99,  20649.00,    -73.21,    -90.53,      3.60,      0.01
       56.13,  21377.07,    -70.52,    -90.66,      3.50,      0.01
       51.53,  22129.53,    -67.83,    -90.79,      3.40,      0.01
       47.19,  22882.55,    -65.69,    -91.02,      3.30,      0.01
       43.10,  23646.78,    -63.87,    -91.39,      3.20,      0.01
       39.26,  24421.75,    -62.36,    -91.78,      3.10,      0.01
       35.65,  25220.81,    -60.91,    -92.19,      3.00,      0.01
       32.27,  26058.37,    -59.24,    -92.65,      2.90,      0.01
       29.12,  26934.30,    -57.42,    -93.20,      2.80,      0.01
       26.18,  27844.28,    -55.56,    -93.77,      2.70,      0.01
       23.45,  28789.89,    -53.70,    -94.34,      2.60,      0.01
       20.92,  29754.92,    -52.14,    -94.90,      2.50,      0.01
       18.58,  30754.10,    -50.66,    -95.45,      2.40,      0.01
       16.43,  31800.87,    -49.08,    -96.02,      2.30,      0.01
       14.46,  32890.87,    -47.51,    -96.61,      2.20,      0.01
       12.65,  34027.02,    -45.97,    -97.25,      2.10,      0.01
       11.00,  35213.21,    -44.46,    -97.91,      2.00,      0.01
        9.51,  36465.77,    -42.80,    -98.62,      1.90,      0.01
        8.17,  37801.31,    -40.83,    -99.38,      1.80,      0.01
        6.96,  39241.73,    -38.36,   -100.17,      1.70,      0.01
        5.88,  40789.55,    -35.50,   -100.99,      1.60,      0.01
        4.92,  42513.71,    -31.49,   -101.84,      1.50,      0.01
        4.08,  44431.51,    -26.37,   -102.73,      1.40,      0.01
        3.34,  46583.16,    -19.90,   -103.62,      1.30,      0.01
        2.70,  48870.48,    -13.52,   -104.48,      1.20,      0.01
        2.15,  51113.06,     -9.45,   -105.39,      1.10,      0.01
        1.69,  53393.57,     -6.76,   -106.38,      1.00,      0.01
        1.30,  55794.32,     -4.70,   -107.51,      0.90,      0.01
        0.98,  58150.83,     -5.09,   -108.79,      0.80,      0.01
        0.71,  60512.52,     -7.51,   -110.18,      0.70,      0.01
        0.51,  62803.15,    -12.76,   -111.73,      0.60,      0.01
        0.35,  64945.89,    -21.57,   -113.60,      0.50,      0.01
        0.22,  67064.39,    -32.95,   -115.68,      0.40,      0.01
        0.14,  69568.58,    -44.01,   -117.82,      0.30,      0.01
        0.08,  72432.38,    -55.96,   -120.19,      0.20,      0.01
        0.04,  76491.38,    -64.40,   -123.03,      0.10,      0.01
        0.02,  83033.24,    -64.41,   -126.55,      0.00,      0.01
%END%
